"start_index","end_index","start_name","end_name","sequence_length","sequence_name","start_layer_kind","end_layer_kind","sequence_layer_kind","min_start_index_time","mean_start_index_time","max_start_index_time","min_end_index_time","mean_end_index_time","max_end_index_time","min_path_time","mean_path_time","max_path_time","min_path_minus_start_time","mean_path_minus_start_time","max_path_minus_start_time","min_path_minus_end_time","mean_path_minus_end_time","max_path_minus_end_time","raw_start_index_time","raw_end_index_time","raw_path_time"
1,9,"bn_data","stage1_unit1/conv1",8,"bn_data-conv0-bn0-relu0-pooling0-stage1_unit1/bn1-stage1_unit1/relu1-stage1_unit1/sc-stage1_unit1/conv1","BatchNormalization","Convolution","List-List-List-List-List-List-List-List-List",89.,90.2,155.,71.,71.86670000000001,194.,"","","","","","","","","","{155., 112., 93., 92., 90., 91., 90., 91., 91., 91., 91., 91., 90., 90., 89., 90., 90., 90., 90., 90., 90., 90., 90., 90., 90., 89., 90., 90., 89., 89., 91., 91., 90., 90., 90., 90., 89., 90., 90., 112., 91., 90., 90., 90., 90., 89., 89., 98., 96., 89.}","{194., 80., 74., 72., 72., 72., 72., 71., 72., 72., 71., 71., 72., 71., 71., 72., 72., 72., 71., 71., 73., 71., 72., 72., 71., 71., 72., 72., 71., 71., 72., 77., 72., 72., 72., 72., 88., 74., 72., 71., 71., 71., 72., 72., 72., 72., 101., 82., 82., 82.}",""
2,10,"conv0","stage1_unit1/bn2",8,"conv0-bn0-relu0-pooling0-stage1_unit1/bn1-stage1_unit1/relu1-stage1_unit1/sc-stage1_unit1/conv1-stage1_unit1/bn2","Convolution","BatchNormalization","List-List-List-List-List-List-List-List-List",1884.,1921.0333,2223.,108.,110.1333,162.,"","","","","","","","","","{2223., 2187., 2051., 1940., 1929., 1905., 1909., 1995., 1922., 1887., 1896., 1890., 1985., 1909., 1914., 1910., 1897., 1972., 1893., 1897., 1892., 1908., 1966., 1982., 1901., 1918., 1906., 1993., 1989., 1919., 1902., 1925., 1930., 1984., 1893., 1907., 1915., 1920., 1964., 1905., 1907., 1923., 1884., 1966., 1892., 1892., 1901., 1892., 1968., 1948.}","{162., 129., 113., 110., 111., 111., 110., 110., 111., 110., 111., 110., 125., 110., 110., 110., 110., 110., 110., 116., 110., 110., 110., 110., 110., 110., 110., 109., 111., 110., 110., 110., 110., 110., 110., 111., 111., 111., 110., 109., 110., 110., 110., 110., 109., 109., 108., 109., 121., 109.}",""
3,11,"bn0","stage1_unit1/relu2",8,"bn0-relu0-pooling0-stage1_unit1/bn1-stage1_unit1/relu1-stage1_unit1/sc-stage1_unit1/conv1-stage1_unit1/bn2-stage1_unit1/relu2","BatchNormalization","Elementwise","List-List-List-List-List-List-List-List-List",330.,332.0333,446.,102.,103.10000000000001,151.,"","","","","","","","","","{446., 426., 345., 332., 344., 332., 331., 330., 332., 331., 330., 332., 331., 331., 332., 330., 343., 331., 340., 331., 330., 331., 331., 331., 332., 330., 331., 332., 344., 333., 332., 332., 331., 333., 333., 331., 333., 332., 333., 332., 345., 333., 333., 332., 333., 332., 332., 332., 339., 334.}","{151., 126., 106., 103., 112., 104., 103., 104., 104., 103., 104., 103., 103., 103., 104., 102., 117., 104., 104., 103., 102., 103., 104., 103., 103., 103., 103., 103., 103., 103., 103., 102., 103., 102., 103., 103., 103., 103., 102., 103., 103., 102., 103., 103., 103., 103., 102., 103., 103., 103.}",""
4,12,"relu0","stage1_unit1/conv2",8,"relu0-pooling0-stage1_unit1/bn1-stage1_unit1/relu1-stage1_unit1/sc-stage1_unit1/conv1-stage1_unit1/bn2-stage1_unit1/relu2-stage1_unit1/conv2","Elementwise","Convolution","List-List-List-List-List-List-List-List-List",305.,307.43330000000003,438.,1730.,1765.1667,1970.,"","","","","","","","","","{438., 401., 321., 310., 306., 308., 307., 321., 308., 308., 307., 306., 306., 307., 306., 308., 314., 307., 307., 307., 319., 307., 307., 308., 308., 307., 308., 307., 308., 307., 305., 307., 307., 318., 308., 306., 306., 309., 307., 306., 308., 307., 307., 306., 307., 308., 317., 307., 315., 306.}","{1970., 1904., 1805., 1762., 1746., 1811., 1766., 1738., 1768., 1730., 1776., 1816., 1750., 1734., 1743., 1773., 1851., 1888., 1738., 1771., 1750., 1747., 1835., 1733., 1746., 1752., 1762., 1755., 1840., 1755., 1766., 1733., 1731., 1816., 1818., 1782., 1751., 1771., 1749., 1848., 1732., 1747., 1766., 1747., 1807., 1812., 1753., 1748., 1761., 1737.}",""
5,13,"pooling0","stage1_unit1/bn3",8,"pooling0-stage1_unit1/bn1-stage1_unit1/relu1-stage1_unit1/sc-stage1_unit1/conv1-stage1_unit1/bn2-stage1_unit1/relu2-stage1_unit1/conv2-stage1_unit1/bn3","Pooling","BatchNormalization","List-List-List-List-List-List-List-List-List",1539.,1549.3333,1647.,109.,110.36670000000001,145.,"","","","","","","","","","{1647., 1547., 1557., 1611., 1539., 1551., 1561., 1554., 1539., 1539., 1552., 1540., 1567., 1619., 1541., 1552., 1541., 1555., 1543., 1576., 1556., 1543., 1542., 1553., 1543., 1556., 1614., 1543., 1553., 1542., 1555., 1543., 1550., 1555., 1610., 1552., 1543., 1542., 1562., 1542., 1542., 1555., 1542., 1555., 1542., 1550., 1554., 1543., 1555., 1543.}","{145., 118., 112., 112., 111., 111., 110., 111., 110., 110., 110., 111., 110., 110., 110., 110., 110., 110., 110., 110., 110., 110., 110., 110., 111., 109., 122., 111., 110., 110., 110., 111., 120., 111., 110., 111., 110., 111., 110., 110., 111., 111., 111., 110., 110., 111., 111., 110., 110., 110.}",""
6,14,"stage1_unit1/bn1","stage1_unit1/relu3",8,"stage1_unit1/bn1-stage1_unit1/relu1-stage1_unit1/sc-stage1_unit1/conv1-stage1_unit1/bn2-stage1_unit1/relu2-stage1_unit1/conv2-stage1_unit1/bn3-stage1_unit1/relu3","BatchNormalization","Elementwise","List-List-List-List-List-List-List-List-List",108.,110.1333,132.,102.,102.9667,124.,"","","","","","","","","","{132., 127., 112., 112., 111., 111., 110., 110., 110., 110., 111., 111., 110., 110., 111., 110., 111., 110., 111., 111., 111., 111., 110., 111., 110., 122., 110., 109., 109., 109., 109., 109., 108., 109., 109., 109., 122., 111., 110., 109., 109., 109., 110., 110., 109., 110., 109., 110., 110., 110.}","{124., 109., 104., 104., 103., 103., 103., 103., 102., 103., 103., 103., 103., 103., 102., 103., 103., 103., 102., 103., 102., 103., 111., 103., 103., 104., 103., 103., 103., 103., 102., 103., 103., 103., 116., 104., 103., 103., 103., 102., 102., 103., 102., 102., 103., 103., 103., 102., 102., 103.}",""
7,15,"stage1_unit1/relu1","stage1_unit1/conv3",8,"stage1_unit1/relu1-stage1_unit1/sc-stage1_unit1/conv1-stage1_unit1/bn2-stage1_unit1/relu2-stage1_unit1/conv2-stage1_unit1/bn3-stage1_unit1/relu3-stage1_unit1/conv3","Elementwise","Convolution","List-List-List-List-List-List-List-List-List",102.,103.06670000000001,121.,240.,247.8333,562.,"","","","","","","","","","{121., 107., 104., 104., 103., 103., 103., 103., 104., 103., 103., 104., 103., 116., 104., 102., 103., 103., 104., 102., 111., 105., 104., 103., 103., 102., 103., 103., 103., 103., 102., 103., 103., 102., 103., 103., 103., 103., 103., 103., 103., 103., 102., 103., 103., 103., 103., 103., 103., 103.}","{562., 346., 293., 262., 282., 275., 273., 272., 288., 245., 247., 244., 244., 244., 244., 243., 245., 259., 244., 245., 243., 243., 242., 242., 245., 242., 242., 243., 243., 242., 242., 243., 243., 255., 244., 242., 243., 241., 243., 242., 240., 240., 242., 241., 268., 266., 267., 266., 275., 256.}",""
8,16,"stage1_unit1/sc","stage1_unit1/_plus_stage1_unit1",8,"stage1_unit1/sc-stage1_unit1/conv1-stage1_unit1/bn2-stage1_unit1/relu2-stage1_unit1/conv2-stage1_unit1/bn3-stage1_unit1/relu3-stage1_unit1/conv3-stage1_unit1/_plus_stage1_unit1","Convolution","Threading","List-List-List-List-List-List-List-List-List",238.,241.26670000000001,316.,406.,408.6,617.,"","","","","","","","","","{316., 251., 245., 242., 240., 242., 241., 242., 256., 243., 241., 274., 267., 268., 267., 267., 240., 239., 241., 241., 240., 240., 242., 240., 258., 242., 241., 240., 242., 240., 242., 241., 242., 240., 241., 240., 240., 242., 241., 240., 253., 242., 241., 241., 239., 240., 238., 239., 240., 240.}","{617., 609., 465., 417., 408., 408., 407., 407., 421., 409., 415., 408., 407., 408., 408., 408., 407., 407., 420., 408., 406., 407., 406., 407., 407., 407., 408., 407., 418., 408., 408., 409., 408., 409., 415., 409., 409., 419., 409., 408., 408., 408., 409., 410., 410., 409., 407., 418., 409., 409.}",""
9,17,"stage1_unit1/conv1","stage1_unit2/bn1",8,"stage1_unit1/conv1-stage1_unit1/bn2-stage1_unit1/relu2-stage1_unit1/conv2-stage1_unit1/bn3-stage1_unit1/relu3-stage1_unit1/conv3-stage1_unit1/_plus_stage1_unit1-stage1_unit2/bn1","Convolution","BatchNormalization","List-List-List-List-List-List-List-List-List",71.,71.6667,162.,334.,335.23330000000004,446.,"","","","","","","","","","{162., 80., 74., 73., 72., 72., 72., 72., 75., 72., 72., 73., 72., 71., 71., 72., 72., 72., 72., 71., 72., 71., 71., 71., 72., 72., 72., 72., 72., 72., 71., 71., 71., 71., 71., 71., 71., 71., 71., 71., 71., 71., 71., 72., 72., 72., 72., 71., 72., 72.}","{446., 390., 347., 337., 335., 336., 336., 335., 336., 335., 335., 345., 335., 335., 335., 335., 334., 335., 334., 335., 340., 335., 335., 347., 335., 335., 334., 335., 335., 335., 334., 335., 335., 335., 335., 347., 336., 336., 335., 335., 335., 335., 335., 334., 335., 336., 334., 348., 336., 343.}",""
10,18,"stage1_unit1/bn2","stage1_unit2/relu1",8,"stage1_unit1/bn2-stage1_unit1/relu2-stage1_unit1/conv2-stage1_unit1/bn3-stage1_unit1/relu3-stage1_unit1/conv3-stage1_unit1/_plus_stage1_unit1-stage1_unit2/bn1-stage1_unit2/relu1","BatchNormalization","Elementwise","List-List-List-List-List-List-List-List-List",109.,110.9333,152.,306.,310.36670000000004,393.,"","","","","","","","","","{152., 133., 117., 112., 111., 111., 110., 110., 110., 110., 110., 110., 110., 109., 125., 112., 111., 111., 111., 111., 111., 111., 111., 110., 111., 110., 111., 111., 111., 111., 111., 111., 111., 111., 110., 111., 111., 111., 110., 123., 112., 111., 112., 111., 111., 111., 112., 112., 110., 111.}","{393., 361., 316., 311., 307., 308., 308., 316., 310., 308., 306., 324., 312., 309., 310., 309., 311., 309., 311., 309., 311., 310., 309., 311., 322., 312., 311., 309., 310., 310., 312., 311., 308., 310., 311., 311., 310., 319., 310., 319., 311., 310., 310., 310., 312., 309., 310., 309., 309., 325.}",""
11,19,"stage1_unit1/relu2","stage1_unit2/conv1",8,"stage1_unit1/relu2-stage1_unit1/conv2-stage1_unit1/bn3-stage1_unit1/relu3-stage1_unit1/conv3-stage1_unit1/_plus_stage1_unit1-stage1_unit2/bn1-stage1_unit2/relu1-stage1_unit2/conv1","Elementwise","Convolution","List-List-List-List-List-List-List-List-List",101.,102.9,141.,217.,218.4,367.,"","","","","","","","","","{141., 119., 105., 104., 103., 103., 102., 103., 102., 102., 103., 103., 103., 108., 104., 102., 103., 103., 102., 104., 103., 102., 103., 103., 103., 112., 104., 103., 102., 103., 102., 103., 103., 103., 101., 103., 103., 103., 103., 103., 102., 103., 102., 102., 103., 102., 103., 103., 104., 103.}","{367., 266., 224., 220., 220., 219., 218., 219., 217., 218., 218., 217., 218., 217., 217., 217., 218., 218., 217., 218., 233., 218., 218., 218., 218., 218., 218., 219., 218., 218., 217., 218., 218., 218., 218., 217., 217., 218., 246., 221., 219., 258., 245., 244., 245., 247., 217., 219., 218., 218.}",""
12,20,"stage1_unit1/conv2","stage1_unit2/bn2",8,"stage1_unit1/conv2-stage1_unit1/bn3-stage1_unit1/relu3-stage1_unit1/conv3-stage1_unit1/_plus_stage1_unit1-stage1_unit2/bn1-stage1_unit2/relu1-stage1_unit2/conv1-stage1_unit2/bn2","Convolution","BatchNormalization","List-List-List-List-List-List-List-List-List",1717.,1763.7333,1977.,109.,110.,138.,"","","","","","","","","","{1921., 1977., 1797., 1773., 1758., 1757., 1819., 1813., 1749., 1717., 1745., 1749., 1837., 1732., 1748., 1748., 1733., 1795., 1820., 1750., 1736., 1731., 1744., 1822., 1811., 1732., 1765., 1748., 1774., 1838., 1736., 1740., 1761., 1754., 1779., 1820., 1763., 1743., 1736., 1769., 1810., 1792., 1762., 1755., 1780., 1728., 1847., 1731., 1734., 1757.}","{138., 123., 112., 112., 111., 110., 110., 110., 121., 111., 110., 110., 110., 110., 110., 110., 110., 110., 110., 122., 112., 110., 110., 110., 110., 110., 110., 110., 110., 110., 110., 110., 110., 110., 109., 110., 110., 110., 110., 110., 110., 110., 110., 110., 110., 110., 110., 110., 110., 110.}",""
13,21,"stage1_unit1/bn3","stage1_unit2/relu2",8,"stage1_unit1/bn3-stage1_unit1/relu3-stage1_unit1/conv3-stage1_unit1/_plus_stage1_unit1-stage1_unit2/bn1-stage1_unit2/relu1-stage1_unit2/conv1-stage1_unit2/bn2-stage1_unit2/relu2","BatchNormalization","Elementwise","List-List-List-List-List-List-List-List-List",110.,110.56670000000001,131.,102.,102.5,121.,"","","","","","","","","","{131., 121., 112., 111., 111., 112., 112., 110., 111., 111., 110., 110., 110., 111., 111., 110., 110., 110., 110., 111., 110., 111., 110., 110., 111., 110., 110., 111., 110., 110., 120., 112., 111., 111., 110., 110., 111., 111., 111., 110., 111., 110., 110., 110., 110., 111., 111., 111., 111., 110.}","{121., 106., 104., 103., 104., 104., 102., 103., 102., 102., 103., 103., 102., 102., 102., 102., 102., 102., 116., 103., 103., 102., 102., 102., 102., 111., 103., 103., 102., 102., 103., 102., 103., 102., 103., 103., 103., 102., 102., 102., 102., 103., 103., 102., 102., 103., 103., 103., 102., 102.}",""
14,22,"stage1_unit1/relu3","stage1_unit2/conv2",8,"stage1_unit1/relu3-stage1_unit1/conv3-stage1_unit1/_plus_stage1_unit1-stage1_unit2/bn1-stage1_unit2/relu1-stage1_unit2/conv1-stage1_unit2/bn2-stage1_unit2/relu2-stage1_unit2/conv2","Elementwise","Convolution","List-List-List-List-List-List-List-List-List",101.,102.83330000000001,120.,1731.,1768.1667,1927.,"","","","","","","","","","{120., 107., 104., 103., 104., 103., 102., 103., 101., 102., 103., 102., 103., 103., 103., 102., 103., 103., 102., 102., 103., 102., 103., 102., 110., 103., 102., 103., 103., 102., 103., 102., 102., 103., 102., 103., 115., 104., 103., 103., 103., 103., 103., 104., 103., 103., 103., 102., 103., 103.}","{1927., 1921., 1861., 1840., 1776., 1776., 1744., 1744., 1854., 1776., 1762., 1738., 1771., 1824., 1843., 1736., 1766., 1754., 1739., 1836., 1742., 1772., 1734., 1745., 1731., 1846., 1741., 1744., 1745., 1745., 1838., 1836., 1759., 1733., 1747., 1733., 1816., 1738., 1741., 1772., 1753., 1744., 1842., 1754., 1755., 1749., 1765., 1822., 1853., 1751.}",""
15,23,"stage1_unit1/conv3","stage1_unit2/bn3",8,"stage1_unit1/conv3-stage1_unit1/_plus_stage1_unit1-stage1_unit2/bn1-stage1_unit2/relu1-stage1_unit2/conv1-stage1_unit2/bn2-stage1_unit2/relu2-stage1_unit2/conv2-stage1_unit2/bn3","Convolution","BatchNormalization","List-List-List-List-List-List-List-List-List",235.,237.53330000000003,569.,108.,109.30000000000001,142.,"","","","","","","","","","{569., 369., 288., 239., 238., 238., 239., 237., 238., 236., 238., 250., 238., 237., 237., 237., 236., 237., 237., 238., 238., 237., 235., 237., 237., 237., 236., 250., 238., 236., 236., 236., 236., 236., 236., 236., 237., 235., 235., 279., 262., 262., 261., 279., 241., 238., 238., 237., 237., 238.}","{142., 117., 112., 110., 109., 110., 109., 110., 109., 109., 110., 109., 110., 110., 109., 109., 109., 109., 110., 109., 110., 109., 121., 111., 109., 109., 109., 108., 109., 109., 109., 109., 109., 109., 109., 109., 109., 109., 109., 108., 109., 110., 109., 109., 110., 109., 119., 110., 110., 110.}",""
16,24,"stage1_unit1/_plus_stage1_unit1","stage1_unit2/relu3",8,"stage1_unit1/_plus_stage1_unit1-stage1_unit2/bn1-stage1_unit2/relu1-stage1_unit2/conv1-stage1_unit2/bn2-stage1_unit2/relu2-stage1_unit2/conv2-stage1_unit2/bn3-stage1_unit2/relu3","Threading","Elementwise","List-List-List-List-List-List-List-List-List",404.,408.0333,642.,102.,103.2667,168.,3571.,3650.8667,4137.,3167.,3242.8333000000002,3495.,3469.,3547.6000000000004,3969.,"{642., 627., 469., 419., 409., 406., 414., 407., 406., 417., 408., 406., 407., 405., 406., 404., 406., 405., 406., 415., 407., 404., 407., 405., 406., 405., 406., 405., 406., 419., 418., 408., 408., 408., 407., 409., 408., 407., 418., 409., 408., 408., 409., 409., 409., 409., 410., 410., 418., 410.}","{168., 131., 106., 104., 105., 103., 104., 103., 104., 102., 103., 103., 104., 103., 104., 103., 104., 103., 103., 103., 104., 103., 103., 103., 103., 117., 105., 102., 103., 103., 103., 103., 103., 103., 103., 104., 103., 103., 103., 103., 104., 104., 103., 103., 103., 103., 103., 102., 104., 104.}","{4137., 3935., 3712., 3756., 3679., 3648., 3702., 3632., 3611., 3746., 3604., 3682., 3644., 3618., 3714., 3634., 3624., 3716., 3626., 3611., 3679., 3617., 3658., 3635., 3651., 3682., 3571., 3640., 3745., 3597., 3608., 3701., 3619., 3697., 3629., 3600., 3688., 3594., 3627., 3753., 3620., 3600., 3680., 3647., 3722., 3638., 3644., 3664., 3621., 3603.}"
17,25,"stage1_unit2/bn1","stage1_unit2/conv3",8,"stage1_unit2/bn1-stage1_unit2/relu1-stage1_unit2/conv1-stage1_unit2/bn2-stage1_unit2/relu2-stage1_unit2/conv2-stage1_unit2/bn3-stage1_unit2/relu3-stage1_unit2/conv3","BatchNormalization","Convolution","List-List-List-List-List-List-List-List-List",336.,339.6667,489.,235.,238.03330000000003,368.,3444.,3507.5667000000003,3954.,3108.,3167.9,3465.,3209.,3269.5333,3586.,"{489., 445., 361., 341., 341., 339., 339., 355., 341., 340., 340., 339., 340., 340., 341., 339., 340., 339., 339., 351., 340., 340., 340., 339., 339., 339., 339., 348., 340., 338., 341., 349., 338., 336., 337., 337., 337., 337., 337., 350., 339., 339., 351., 339., 339., 340., 340., 340., 339., 339.}","{368., 253., 246., 241., 239., 254., 241., 237., 238., 239., 238., 238., 237., 237., 238., 237., 236., 236., 238., 237., 237., 236., 250., 239., 237., 237., 236., 237., 236., 236., 235., 237., 237., 272., 262., 262., 263., 277., 250., 237., 238., 235., 238., 236., 237., 237., 238., 237., 236., 237.}","{3954., 3701., 3648., 3563., 3506., 3616., 3478., 3485., 3539., 3460., 3453., 3562., 3458., 3470., 3606., 3469., 3470., 3598., 3444., 3532., 3545., 3472., 3586., 3498., 3473., 3579., 3469., 3465., 3513., 3479., 3503., 3587., 3473., 3461., 3610., 3466., 3504., 3571., 3469., 3547., 3517., 3458., 3592., 3457., 3455., 3546., 3482., 3475., 3555., 3483.}"
18,26,"stage1_unit2/relu1","stage1_unit2/_plus_stage1_unit2",8,"stage1_unit2/relu1-stage1_unit2/conv1-stage1_unit2/bn2-stage1_unit2/relu2-stage1_unit2/conv2-stage1_unit2/bn3-stage1_unit2/relu3-stage1_unit2/conv3-stage1_unit2/_plus_stage1_unit2","Elementwise","Threading","List-List-List-List-List-List-List-List-List",306.,308.5667,402.,405.,408.1667,613.,"","","","","","","","","","{391., 402., 322., 311., 310., 308., 310., 308., 320., 309., 308., 307., 308., 307., 306., 308., 307., 316., 309., 308., 306., 319., 310., 308., 307., 309., 308., 307., 309., 307., 308., 308., 308., 308., 319., 309., 307., 308., 309., 308., 309., 309., 308., 307., 309., 308., 307., 323., 311., 318.}","{613., 565., 453., 414., 408., 418., 408., 406., 420., 407., 407., 408., 408., 406., 405., 406., 407., 407., 414., 408., 407., 406., 407., 407., 407., 406., 406., 417., 406., 413., 407., 409., 406., 407., 406., 406., 407., 420., 410., 408., 409., 408., 421., 409., 409., 408., 408., 417., 409., 408.}",""
19,27,"stage1_unit2/conv1","stage1_unit3/bn1",8,"stage1_unit2/conv1-stage1_unit2/bn2-stage1_unit2/relu2-stage1_unit2/conv2-stage1_unit2/bn3-stage1_unit2/relu3-stage1_unit2/conv3-stage1_unit2/_plus_stage1_unit2-stage1_unit3/bn1","Convolution","BatchNormalization","List-List-List-List-List-List-List-List-List",217.,331.0333,428.,488.,491.0667,662.,"","","","","","","","","","{356., 238., 221., 259., 246., 244., 244., 259., 217., 218., 218., 219., 217., 218., 218., 218., 218., 230., 220., 412., 366., 367., 366., 366., 359., 363., 367., 368., 373., 369., 361., 363., 367., 378., 370., 369., 428., 399., 422., 380., 362., 359., 360., 364., 366., 367., 361., 358., 364., 360.}","{662., 585., 508., 493., 490., 490., 502., 499., 490., 489., 490., 490., 489., 490., 505., 490., 490., 492., 490., 490., 489., 490., 508., 491., 489., 490., 490., 497., 490., 490., 504., 488., 488., 488., 488., 507., 492., 490., 504., 490., 490., 490., 491., 489., 491., 490., 501., 489., 496., 490.}",""
20,28,"stage1_unit2/bn2","stage1_unit3/relu1",8,"stage1_unit2/bn2-stage1_unit2/relu2-stage1_unit2/conv2-stage1_unit2/bn3-stage1_unit2/relu3-stage1_unit2/conv3-stage1_unit2/_plus_stage1_unit2-stage1_unit3/bn1-stage1_unit3/relu1","BatchNormalization","Elementwise","List-List-List-List-List-List-List-List-List",100.,136.2333,200.,293.,298.5333,394.,"","","","","","","","","","{200., 159., 147., 145., 145., 158., 145., 145., 145., 145., 146., 145., 145., 145., 145., 144., 146., 145., 145., 144., 144., 145., 145., 153., 146., 145., 145., 146., 145., 144., 146., 145., 156., 139., 106., 102., 102., 101., 101., 101., 102., 101., 101., 101., 101., 102., 100., 102., 101., 102.}","{394., 349., 303., 294., 293., 293., 294., 294., 294., 307., 296., 298., 301., 301., 298., 298., 298., 305., 305., 299., 307., 295., 297., 313., 297., 299., 298., 299., 299., 298., 299., 298., 298., 299., 299., 299., 311., 297., 299., 298., 297., 298., 299., 298., 298., 298., 298., 299., 299., 313.}",""
21,29,"stage1_unit2/relu2","stage1_unit3/conv1",8,"stage1_unit2/relu2-stage1_unit2/conv2-stage1_unit2/bn3-stage1_unit2/relu3-stage1_unit2/conv3-stage1_unit2/_plus_stage1_unit2-stage1_unit3/bn1-stage1_unit3/relu1-stage1_unit3/conv1","Elementwise","Convolution","List-List-List-List-List-List-List-List-List",95.,97.9667,155.,211.,214.8667,451.,"","","","","","","","","","{144., 110., 98., 96., 95., 96., 96., 95., 96., 102., 96., 105., 106., 97., 97., 97., 106., 96., 96., 97., 96., 96., 96., 97., 155., 109., 101., 99., 99., 99., 98., 99., 98., 99., 98., 99., 98., 98., 98., 98., 99., 98., 98., 99., 98., 98., 99., 98., 98., 98.}","{362., 226., 216., 214., 212., 211., 212., 212., 212., 212., 213., 211., 212., 212., 213., 211., 212., 212., 213., 234., 216., 212., 212., 223., 216., 212., 211., 211., 212., 211., 212., 211., 214., 212., 212., 211., 213., 225., 214., 213., 215., 270., 238., 239., 451., 376., 360., 372., 363., 364.}",""
22,30,"stage1_unit2/conv2","stage1_unit3/bn2",8,"stage1_unit2/conv2-stage1_unit2/bn3-stage1_unit2/relu3-stage1_unit2/conv3-stage1_unit2/_plus_stage1_unit2-stage1_unit3/bn1-stage1_unit3/relu1-stage1_unit3/conv1-stage1_unit3/bn2","Convolution","BatchNormalization","List-List-List-List-List-List-List-List-List",1725.,1805.3333,3582.,107.,107.7333,135.,"","","","","","","","","","{3582., 3484., 3404., 3384., 3385., 3404., 3417., 3377., 3236., 1884., 1775., 1781., 1775., 1793., 1823., 1881., 1774., 1792., 1757., 1782., 1887., 1764., 1788., 1767., 1774., 1803., 1888., 1740., 1758., 1775., 1785., 1866., 1791., 1790., 1766., 1750., 1767., 1894., 1763., 1773., 1753., 1775., 1865., 1838., 1792., 1756., 1761., 1725., 1846., 1751.}","{135., 119., 110., 108., 108., 108., 108., 108., 107., 108., 108., 108., 108., 108., 121., 109., 107., 108., 108., 107., 108., 107., 108., 108., 107., 108., 108., 108., 107., 107., 108., 108., 108., 107., 107., 107., 108., 108., 107., 115., 108., 108., 107., 108., 107., 107., 107., 107., 107., 107.}",""
23,31,"stage1_unit2/bn3","stage1_unit3/relu2",8,"stage1_unit2/bn3-stage1_unit2/relu3-stage1_unit2/conv3-stage1_unit2/_plus_stage1_unit2-stage1_unit3/bn1-stage1_unit3/relu1-stage1_unit3/conv1-stage1_unit3/bn2-stage1_unit3/relu2","BatchNormalization","Elementwise","List-List-List-List-List-List-List-List-List",107.,107.60000000000001,130.,99.,100.30000000000001,119.,"","","","","","","","","","{130., 113., 111., 109., 108., 107., 109., 108., 107., 108., 108., 108., 109., 107., 108., 108., 107., 108., 108., 108., 108., 108., 108., 107., 107., 108., 109., 120., 109., 107., 107., 107., 107., 114., 107., 107., 108., 107., 107., 107., 107., 108., 108., 107., 107., 107., 107., 107., 107., 108.}","{119., 105., 101., 101., 101., 100., 101., 101., 101., 101., 101., 100., 100., 100., 100., 100., 114., 102., 100., 100., 100., 100., 99., 100., 101., 100., 100., 99., 100., 100., 100., 101., 101., 101., 100., 100., 99., 101., 100., 99., 100., 99., 100., 100., 101., 100., 100., 100., 101., 100.}",""
24,32,"stage1_unit2/relu3","stage1_unit3/conv2",8,"stage1_unit2/relu3-stage1_unit2/conv3-stage1_unit2/_plus_stage1_unit2-stage1_unit3/bn1-stage1_unit3/relu1-stage1_unit3/conv1-stage1_unit3/bn2-stage1_unit3/relu2-stage1_unit3/conv2","Elementwise","Convolution","List-List-List-List-List-List-List-List-List",99.,100.4,117.,1734.,1773.8000000000002,1921.,"","","","","","","","","","{117., 105., 102., 101., 101., 100., 100., 100., 101., 100., 101., 101., 100., 101., 100., 100., 101., 100., 100., 101., 100., 100., 101., 100., 101., 100., 101., 101., 101., 100., 101., 100., 101., 101., 100., 113., 102., 100., 100., 99., 100., 100., 101., 100., 100., 99., 100., 100., 99., 100.}","{1921., 1886., 1811., 1775., 1808., 1853., 1768., 1762., 1743., 1742., 1840., 1753., 1762., 1756., 1755., 1736., 1856., 1757., 1755., 1775., 1755., 1841., 1843., 1755., 1758., 1780., 1777., 1838., 1739., 1784., 1776., 1753., 1820., 1813., 1769., 1755., 1756., 1744., 1824., 1816., 1754., 1772., 1734., 1772., 1809., 1755., 1739., 1760., 1767., 1801.}",""
25,33,"stage1_unit2/conv3","stage1_unit3/bn3",8,"stage1_unit2/conv3-stage1_unit2/_plus_stage1_unit2-stage1_unit3/bn1-stage1_unit3/relu1-stage1_unit3/conv1-stage1_unit3/bn2-stage1_unit3/relu2-stage1_unit3/conv2-stage1_unit3/bn3","Convolution","BatchNormalization","List-List-List-List-List-List-List-List-List",238.,243.20000000000002,545.,108.,109.,141.,"","","","","","","","","","{545., 357., 277., 254., 247., 246., 245., 244., 244., 243., 256., 243., 242., 289., 268., 268., 267., 276., 246., 243., 242., 242., 241., 242., 240., 257., 243., 242., 241., 241., 241., 240., 241., 240., 242., 240., 240., 241., 240., 240., 240., 240., 255., 242., 239., 240., 239., 243., 238., 240.}","{141., 116., 110., 109., 110., 109., 109., 108., 110., 109., 109., 109., 108., 109., 109., 109., 109., 109., 123., 110., 109., 109., 109., 109., 108., 109., 109., 108., 109., 109., 108., 108., 109., 109., 109., 109., 109., 109., 110., 109., 109., 108., 109., 109., 109., 109., 109., 109., 109., 109.}",""
26,34,"stage1_unit2/_plus_stage1_unit2","stage1_unit3/relu3",8,"stage1_unit2/_plus_stage1_unit2-stage1_unit3/bn1-stage1_unit3/relu1-stage1_unit3/conv1-stage1_unit3/bn2-stage1_unit3/relu2-stage1_unit3/conv2-stage1_unit3/bn3-stage1_unit3/relu3","Threading","Elementwise","List-List-List-List-List-List-List-List-List",403.,405.7667,633.,101.,102.2333,168.,3574.,3643.5667000000003,4169.,3171.,3237.8,3536.,3473.,3541.3333000000002,4001.,"{633., 617., 469., 414., 405., 403., 403., 404., 417., 407., 405., 406., 405., 406., 405., 412., 406., 406., 417., 406., 405., 404., 405., 407., 405., 405., 406., 406., 417., 407., 405., 404., 404., 405., 405., 405., 405., 414., 406., 412., 406., 405., 405., 404., 404., 405., 406., 417., 405., 404.}","{168., 133., 105., 102., 103., 102., 103., 103., 102., 102., 102., 102., 101., 102., 102., 103., 103., 102., 102., 102., 102., 102., 103., 102., 102., 102., 102., 114., 104., 103., 102., 102., 103., 102., 102., 102., 102., 101., 103., 103., 103., 102., 102., 102., 103., 102., 102., 102., 102., 101.}","{4169., 3874., 3745., 3640., 3776., 3660., 3617., 3662., 3614., 3639., 3715., 3617., 3581., 3633., 3575., 3696., 3663., 3626., 3693., 3616., 3648., 3742., 3645., 3604., 3634., 3612., 3660., 3630., 3597., 3690., 3621., 3623., 3718., 3614., 3664., 3652., 3592., 3686., 3603., 3593., 3681., 3594., 3574., 3714., 3619., 3664., 3669., 3583., 3732., 3615.}"
27,35,"stage1_unit3/bn1","stage1_unit3/conv3",8,"stage1_unit3/bn1-stage1_unit3/relu1-stage1_unit3/conv1-stage1_unit3/bn2-stage1_unit3/relu2-stage1_unit3/conv2-stage1_unit3/bn3-stage1_unit3/relu3-stage1_unit3/conv3","BatchNormalization","Convolution","List-List-List-List-List-List-List-List-List",336.,337.7667,486.,234.,236.0667,364.,3431.,3496.5333,3811.,3095.,3158.7667,3325.,3197.,3260.4667,3447.,"{486., 441., 352., 338., 337., 336., 337., 337., 350., 338., 347., 337., 337., 336., 336., 337., 337., 337., 337., 338., 349., 337., 337., 337., 337., 337., 337., 337., 337., 338., 338., 348., 337., 337., 337., 336., 337., 337., 337., 338., 345., 338., 337., 352., 341., 341., 340., 340., 340., 340.}","{364., 254., 239., 236., 236., 235., 235., 235., 235., 235., 255., 237., 235., 278., 262., 261., 260., 268., 235., 235., 235., 235., 236., 234., 234., 235., 247., 237., 235., 235., 234., 235., 234., 236., 235., 235., 236., 234., 243., 241., 237., 236., 234., 249., 237., 235., 235., 235., 235., 234.}","{3811., 3790., 3545., 3494., 3656., 3506., 3522., 3543., 3468., 3569., 3499., 3453., 3585., 3457., 3462., 3531., 3439., 3458., 3543., 3467., 3446., 3602., 3461., 3449., 3568., 3447., 3504., 3513., 3446., 3559., 3510., 3441., 3592., 3437., 3455., 3559., 3464., 3437., 3517., 3448., 3431., 3581., 3447., 3440., 3601., 3469., 3504., 3568., 3438., 3521.}"
28,36,"stage1_unit3/relu1","stage1_unit3/_plus_stage1_unit3",8,"stage1_unit3/relu1-stage1_unit3/conv1-stage1_unit3/bn2-stage1_unit3/relu2-stage1_unit3/conv2-stage1_unit3/bn3-stage1_unit3/relu3-stage1_unit3/conv3-stage1_unit3/_plus_stage1_unit3","Elementwise","Threading","List-List-List-List-List-List-List-List-List",303.,307.6333,399.,403.,406.6333,623.,"","","","","","","","","","{399., 399., 330., 310., 306., 306., 308., 305., 307., 306., 306., 304., 318., 305., 304., 306., 305., 304., 307., 303., 307., 305., 304., 305., 307., 316., 308., 307., 306., 305., 315., 308., 309., 308., 315., 310., 309., 309., 318., 308., 309., 310., 309., 308., 309., 308., 309., 308., 308., 308.}","{623., 593., 446., 409., 405., 405., 405., 405., 405., 404., 405., 418., 405., 404., 405., 403., 405., 405., 412., 404., 406., 417., 409., 407., 408., 407., 407., 406., 406., 406., 406., 415., 408., 408., 407., 405., 407., 406., 406., 406., 414., 407., 413., 408., 407., 408., 407., 407., 407., 407.}",""
29,37,"stage1_unit3/conv1","stage2_unit1/bn1",8,"stage1_unit3/conv1-stage1_unit3/bn2-stage1_unit3/relu2-stage1_unit3/conv2-stage1_unit3/bn3-stage1_unit3/relu3-stage1_unit3/conv3-stage1_unit3/_plus_stage1_unit3-stage2_unit1/bn1","Convolution","BatchNormalization","List-List-List-List-List-List-List-List-List",217.,218.63330000000002,341.,336.,340.,471.,"","","","","","","","","","{341., 236., 222., 220., 220., 218., 249., 221., 219., 218., 217., 218., 218., 218., 217., 217., 217., 218., 218., 218., 218., 217., 218., 217., 230., 218., 217., 248., 246., 243., 243., 243., 230., 217., 218., 217., 217., 217., 218., 217., 217., 230., 218., 218., 219., 217., 217., 217., 218., 218.}","{471., 428., 351., 353., 337., 337., 337., 338., 336., 338., 337., 346., 338., 338., 337., 353., 340., 337., 338., 338., 339., 338., 338., 338., 338., 338., 352., 341., 342., 341., 340., 341., 340., 341., 341., 341., 341., 341., 350., 341., 347., 341., 342., 341., 340., 341., 341., 341., 341., 340.}",""
30,38,"stage1_unit3/bn2","stage2_unit1/relu1",8,"stage1_unit3/bn2-stage1_unit3/relu2-stage1_unit3/conv2-stage1_unit3/bn3-stage1_unit3/relu3-stage1_unit3/conv3-stage1_unit3/_plus_stage1_unit3-stage2_unit1/bn1-stage2_unit1/relu1","BatchNormalization","Elementwise","List-List-List-List-List-List-List-List-List",108.,109.,155.,300.,306.1,391.,"","","","","","","","","","{155., 134., 117., 110., 110., 109., 109., 110., 109., 110., 119., 110., 109., 109., 109., 109., 108., 110., 109., 109., 109., 120., 110., 108., 109., 108., 108., 109., 108., 109., 108., 109., 109., 108., 109., 109., 108., 109., 108., 108., 109., 108., 109., 109., 109., 108., 109., 109., 109., 109.}","{391., 378., 320., 308., 308., 308., 308., 306., 307., 307., 306., 307., 305., 307., 318., 307., 306., 304., 307., 306., 307., 306., 307., 305., 308., 307., 321., 307., 308., 315., 307., 307., 337., 326., 305., 302., 302., 301., 302., 311., 301., 301., 302., 301., 300., 301., 302., 301., 301., 304.}",""
31,39,"stage1_unit3/relu2","stage2_unit1/sc",8,"stage1_unit3/relu2-stage1_unit3/conv2-stage1_unit3/bn3-stage1_unit3/relu3-stage1_unit3/conv3-stage1_unit3/_plus_stage1_unit3-stage2_unit1/bn1-stage2_unit1/relu1-stage2_unit1/sc","Elementwise","Convolution","List-List-List-List-List-List-List-List-List",94.,95.2667,144.,541.,911.2,1220.,"","","","","","","","","","{144., 107., 96., 116., 99., 95., 95., 95., 94., 95., 95., 95., 95., 95., 95., 95., 95., 95., 95., 95., 95., 95., 95., 106., 97., 95., 95., 96., 94., 94., 95., 95., 96., 107., 97., 95., 95., 95., 94., 95., 104., 103., 96., 95., 96., 96., 96., 95., 96., 95.}","{1192., 1220., 1061., 1000., 1007., 1019., 1006., 1019., 997., 1036., 1082., 1082., 997., 1014., 998., 994., 1003., 1015., 999., 1008., 1103., 1092., 1002., 998., 1008., 1012., 1009., 1003., 996., 1014., 1148., 1024., 1000., 716., 567., 550., 544., 542., 542., 548., 562., 546., 573., 560., 543., 624., 615., 561., 545., 541.}",""
32,40,"stage1_unit3/conv2","stage2_unit1/conv1",8,"stage1_unit3/conv2-stage1_unit3/bn3-stage1_unit3/relu3-stage1_unit3/conv3-stage1_unit3/_plus_stage1_unit3-stage2_unit1/bn1-stage2_unit1/relu1-stage2_unit1/sc-stage2_unit1/conv1","Convolution","Convolution","List-List-List-List-List-List-List-List-List",1742.,1782.6667,1933.,"","","","","","","","","","","","","{1933., 1903., 1812., 1821., 1822., 1763., 1762., 1753., 1771., 1848., 1772., 1774., 1758., 1789., 1834., 1842., 1745., 1774., 1784., 1772., 1854., 1744., 1773., 1760., 1779., 1828., 1852., 1761., 1778., 1757., 1773., 1863., 1760., 1775., 1771., 1789., 1767., 1850., 1759., 1773., 1772., 1770., 1858., 1796., 1793., 1742., 1782., 1758., 1824., 1760.}","",""
33,41,"stage1_unit3/bn3","stage2_unit1/bn2",8,"stage1_unit3/bn3-stage1_unit3/relu3-stage1_unit3/conv3-stage1_unit3/_plus_stage1_unit3-stage2_unit1/bn1-stage2_unit1/relu1-stage2_unit1/sc-stage2_unit1/conv1-stage2_unit1/bn2","BatchNormalization","BatchNormalization","List-List-List-List-List-List-List-List-List",147.,148.66670000000002,201.,261.,262.8333,310.,"","","","","","","","","","{201., 159., 149., 150., 149., 149., 149., 148., 149., 148., 149., 157., 150., 149., 148., 149., 148., 149., 149., 162., 149., 149., 148., 148., 149., 148., 149., 148., 149., 148., 149., 148., 148., 149., 148., 148., 149., 148., 148., 148., 149., 147., 149., 148., 149., 148., 163., 149., 149., 148.}","{310., 285., 274., 264., 264., 263., 263., 280., 263., 263., 262., 263., 263., 261., 263., 263., 262., 262., 263., 262., 263., 262., 277., 262., 262., 263., 263., 263., 263., 263., 262., 262., 262., 267., 263., 262., 263., 278., 263., 261., 270., 263., 264., 263., 262., 263., 263., 262., 262., 263.}",""
34,42,"stage1_unit3/relu3","stage2_unit1/relu2",8,"stage1_unit3/relu3-stage1_unit3/conv3-stage1_unit3/_plus_stage1_unit3-stage2_unit1/bn1-stage2_unit1/relu1-stage2_unit1/sc-stage2_unit1/conv1-stage2_unit1/bn2-stage2_unit1/relu2","Elementwise","Elementwise","List-List-List-List-List-List-List-List-List",127.,128.4,157.,225.,227.9333,274.,"","","","","","","","","","{157., 131., 129., 130., 129., 128., 129., 129., 129., 128., 129., 128., 128., 128., 128., 127., 128., 128., 137., 128., 129., 129., 128., 128., 128., 127., 128., 141., 129., 128., 129., 127., 129., 129., 129., 128., 129., 128., 128., 127., 129., 128., 129., 128., 128., 128., 128., 128., 128., 129.}","{274., 232., 229., 228., 228., 227., 228., 229., 225., 228., 228., 235., 228., 228., 229., 227., 228., 250., 228., 228., 228., 226., 227., 228., 227., 227., 228., 227., 228., 229., 228., 227., 228., 228., 242., 231., 228., 228., 228., 228., 227., 229., 227., 228., 227., 227., 229., 228., 227., 228.}",""
35,43,"stage1_unit3/conv3","stage2_unit1/conv2",8,"stage1_unit3/conv3-stage1_unit3/_plus_stage1_unit3-stage2_unit1/bn1-stage2_unit1/relu1-stage2_unit1/sc-stage2_unit1/conv1-stage2_unit1/bn2-stage2_unit1/relu2-stage2_unit1/conv2","Convolution","Convolution","List-List-List-List-List-List-List-List-List",348.,353.0333,611.,"","","","","","","","","","","","","{611., 487., 373., 354., 353., 352., 365., 354., 352., 350., 351., 349., 351., 350., 396., 392., 391., 392., 352., 352., 348., 350., 351., 349., 350., 352., 351., 348., 362., 350., 350., 349., 350., 351., 353., 351., 351., 351., 350., 350., 363., 352., 396., 390., 393., 365., 349., 351., 351., 350.}","",""
36,44,"stage1_unit3/_plus_stage1_unit3","stage2_unit1/bn3",8,"stage1_unit3/_plus_stage1_unit3-stage2_unit1/bn1-stage2_unit1/relu1-stage2_unit1/sc-stage2_unit1/conv1-stage2_unit1/bn2-stage2_unit1/relu2-stage2_unit1/conv2-stage2_unit1/bn3","Threading","BatchNormalization","List-List-List-List-List-List-List-List-List",504.,509.0667,796.,67.,88.8,144.,"","","","","","","","","","{796., 734., 607., 528., 509., 509., 508., 507., 506., 520., 506., 508., 506., 508., 505., 507., 506., 519., 507., 505., 505., 505., 506., 515., 504., 519., 507., 508., 507., 508., 507., 507., 507., 519., 506., 506., 507., 506., 522., 509., 510., 523., 519., 509., 509., 510., 512., 511., 510., 520.}","{144., 102., 93., 91., 92., 92., 92., 92., 91., 93., 92., 92., 91., 91., 92., 92., 92., 91., 92., 92., 107., 93., 93., 92., 93., 93., 92., 92., 93., 92., 92., 93., 92., 132., 111., 73., 70., 68., 69., 68., 68., 67., 83., 71., 68., 68., 69., 68., 68., 67.}",""
37,45,"stage2_unit1/bn1","stage2_unit1/relu3",8,"stage2_unit1/bn1-stage2_unit1/relu1-stage2_unit1/sc-stage2_unit1/conv1-stage2_unit1/bn2-stage2_unit1/relu2-stage2_unit1/conv2-stage2_unit1/bn3-stage2_unit1/relu3","BatchNormalization","Elementwise","List-List-List-List-List-List-List-List-List",320.,322.73330000000004,436.,56.,56.8667,97.,"","","","","","","","","","{436., 384., 337., 348., 331., 339., 329., 330., 331., 330., 326., 321., 320., 321., 321., 334., 321., 321., 321., 321., 321., 320., 321., 320., 321., 321., 321., 333., 321., 332., 320., 322., 321., 321., 320., 322., 329., 320., 321., 333., 320., 322., 321., 320., 321., 320., 321., 321., 321., 321.}","{97., 68., 59., 59., 57., 57., 57., 58., 57., 57., 57., 57., 57., 57., 57., 57., 57., 57., 57., 57., 57., 56., 57., 56., 56., 57., 57., 56., 57., 56., 56., 56., 57., 56., 56., 56., 56., 56., 57., 57., 57., 57., 57., 71., 58., 57., 57., 57., 56., 56.}",""
38,46,"stage2_unit1/relu1","stage2_unit1/conv3",8,"stage2_unit1/relu1-stage2_unit1/sc-stage2_unit1/conv1-stage2_unit1/bn2-stage2_unit1/relu2-stage2_unit1/conv2-stage2_unit1/bn3-stage2_unit1/relu3-stage2_unit1/conv3","Elementwise","Convolution","List-List-List-List-List-List-List-List-List",300.,304.0667,395.,"","","","","","","","","","","","","{395., 389., 312., 305., 301., 317., 303., 302., 300., 301., 307., 302., 301., 308., 302., 302., 301., 302., 318., 302., 302., 303., 303., 302., 302., 302., 315., 303., 302., 302., 302., 314., 305., 306., 313., 306., 305., 305., 305., 304., 305., 305., 306., 306., 317., 305., 304., 305., 305., 305.}","",""
39,47,"stage2_unit1/sc","stage2_unit1/_plus_stage2_unit1",8,"stage2_unit1/sc-stage2_unit1/conv1-stage2_unit1/bn2-stage2_unit1/relu2-stage2_unit1/conv2-stage2_unit1/bn3-stage2_unit1/relu3-stage2_unit1/conv3-stage2_unit1/_plus_stage2_unit1","Convolution","Threading","List-List-List-List-List-List-List-List-List",537.,543.2,712.,219.,220.60000000000002,319.,"","","","","","","","","","{712., 586., 605., 607., 596., 541., 541., 547., 540., 538., 537., 553., 538., 538., 537., 537., 537., 537., 537., 553., 588., 601., 584., 538., 538., 539., 554., 539., 538., 538., 545., 540., 538., 552., 541., 539., 538., 538., 576., 603., 593., 539., 538., 538., 539., 538., 537., 539., 556., 543.}","{319., 293., 226., 223., 222., 221., 221., 220., 220., 220., 220., 221., 221., 221., 237., 222., 220., 221., 221., 220., 221., 221., 220., 221., 220., 222., 219., 220., 221., 220., 220., 220., 231., 222., 220., 220., 220., 220., 221., 220., 220., 220., 220., 221., 226., 221., 220., 221., 221., 220.}",""
40,48,"stage2_unit1/conv1","stage2_unit2/bn1",8,"stage2_unit1/conv1-stage2_unit1/bn2-stage2_unit1/relu2-stage2_unit1/conv2-stage2_unit1/bn3-stage2_unit1/relu3-stage2_unit1/conv3-stage2_unit1/_plus_stage2_unit1-stage2_unit2/bn1","Convolution","BatchNormalization","List-List-List-List-List-List-List-List-List","","","",183.,185.70000000000002,222.,"","","","","","","","","","","{222., 213., 191., 186., 187., 186., 186., 186., 185., 186., 186., 187., 185., 187., 185., 186., 186., 186., 186., 186., 199., 188., 185., 186., 186., 186., 186., 186., 185., 186., 186., 185., 186., 186., 185., 185., 185., 185., 185., 185., 185., 198., 186., 185., 185., 193., 184., 184., 183., 184.}",""
41,49,"stage2_unit1/bn2","stage2_unit2/relu1",8,"stage2_unit1/bn2-stage2_unit1/relu2-stage2_unit1/conv2-stage2_unit1/bn3-stage2_unit1/relu3-stage2_unit1/conv3-stage2_unit1/_plus_stage2_unit1-stage2_unit2/bn1-stage2_unit2/relu1","BatchNormalization","Elementwise","List-List-List-List-List-List-List-List-List",178.,179.0333,218.,165.,166.5667,191.,"","","","","","","","","","{218., 184., 180., 180., 178., 179., 179., 178., 191., 181., 179., 178., 179., 178., 178., 187., 179., 179., 180., 179., 179., 179., 192., 179., 179., 179., 179., 179., 179., 179., 179., 178., 179., 179., 179., 178., 179., 179., 178., 179., 179., 179., 178., 179., 191., 180., 179., 179., 178., 179.}","{191., 169., 182., 166., 167., 167., 167., 166., 167., 167., 166., 167., 166., 167., 168., 166., 167., 166., 167., 166., 167., 166., 166., 167., 166., 167., 179., 168., 167., 166., 166., 166., 167., 165., 166., 166., 168., 165., 167., 166., 167., 166., 166., 167., 166., 167., 167., 165., 166., 167.}",""
42,50,"stage2_unit1/relu2","stage2_unit2/conv1",8,"stage2_unit1/relu2-stage2_unit1/conv2-stage2_unit1/bn3-stage2_unit1/relu3-stage2_unit1/conv3-stage2_unit1/_plus_stage2_unit1-stage2_unit2/bn1-stage2_unit2/relu1-stage2_unit2/conv1","Elementwise","Convolution","List-List-List-List-List-List-List-List-List",166.,167.0333,183.,228.,232.16670000000002,377.,"","","","","","","","","","{183., 170., 167., 168., 168., 167., 167., 167., 167., 166., 177., 168., 167., 167., 166., 167., 166., 167., 167., 167., 167., 166., 168., 167., 167., 166., 174., 168., 167., 167., 167., 167., 167., 180., 168., 166., 167., 167., 167., 166., 167., 166., 166., 167., 167., 166., 167., 167., 167., 167.}","{377., 238., 258., 259., 256., 256., 256., 256., 231., 230., 229., 229., 229., 228., 228., 229., 229., 229., 228., 229., 229., 229., 228., 229., 241., 231., 230., 229., 230., 228., 228., 228., 229., 229., 229., 228., 229., 229., 229., 228., 229., 229., 242., 231., 228., 268., 256., 255., 255., 266.}",""
43,51,"stage2_unit1/conv2","stage2_unit2/bn2",8,"stage2_unit1/conv2-stage2_unit1/bn3-stage2_unit1/relu3-stage2_unit1/conv3-stage2_unit1/_plus_stage2_unit1-stage2_unit2/bn1-stage2_unit2/relu1-stage2_unit2/conv1-stage2_unit2/bn2","Convolution","BatchNormalization","List-List-List-List-List-List-List-List-List","","","",67.,67.4,98.,"","","","","","","","","","","{98., 79., 70., 84., 70., 67., 68., 68., 68., 67., 67., 67., 67., 67., 67., 67., 68., 67., 67., 68., 68., 68., 67., 67., 67., 68., 68., 68., 68., 68., 67., 67., 67., 68., 68., 67., 67., 67., 67., 68., 67., 67., 68., 67., 67., 68., 67., 67., 67., 67.}",""
44,52,"stage2_unit1/bn3","stage2_unit2/relu2",8,"stage2_unit1/bn3-stage2_unit1/relu3-stage2_unit1/conv3-stage2_unit1/_plus_stage2_unit1-stage2_unit2/bn1-stage2_unit2/relu1-stage2_unit2/conv1-stage2_unit2/bn2-stage2_unit2/relu2","BatchNormalization","Elementwise","List-List-List-List-List-List-List-List-List",64.,64.9667,96.,59.,59.566700000000004,82.,"","","","","","","","","","{96., 72., 69., 68., 69., 68., 67., 79., 67., 66., 66., 65., 65., 65., 65., 65., 65., 65., 65., 65., 65., 65., 65., 65., 65., 64., 65., 64., 65., 65., 65., 65., 64., 64., 65., 64., 64., 64., 65., 65., 65., 65., 64., 64., 65., 64., 64., 65., 65., 64.}","{82., 65., 62., 61., 60., 60., 60., 60., 60., 60., 59., 60., 60., 60., 60., 60., 60., 59., 59., 59., 60., 60., 59., 59., 59., 59., 59., 59., 59., 59., 59., 59., 59., 59., 60., 60., 59., 59., 59., 59., 59., 60., 60., 74., 61., 59., 59., 60., 60., 60.}",""
45,53,"stage2_unit1/relu3","stage2_unit2/conv2",8,"stage2_unit1/relu3-stage2_unit1/conv3-stage2_unit1/_plus_stage2_unit1-stage2_unit2/bn1-stage2_unit2/relu1-stage2_unit2/conv1-stage2_unit2/bn2-stage2_unit2/relu2-stage2_unit2/conv2","Elementwise","Convolution","List-List-List-List-List-List-List-List-List",58.,59.1,82.,1240.,1268.4333000000001,1457.,"","","","","","","","","","{82., 66., 61., 60., 61., 60., 59., 60., 60., 60., 60., 60., 59., 59., 59., 59., 59., 59., 59., 59., 60., 59., 59., 59., 59., 59., 59., 59., 59., 59., 60., 59., 59., 59., 59., 59., 59., 58., 59., 58., 59., 58., 59., 59., 59., 59., 59., 59., 59., 59.}","{1445., 1268., 1284., 1379., 1252., 1255., 1264., 1273., 1250., 1247., 1324., 1321., 1248., 1303., 1264., 1264., 1259., 1259., 1349., 1337., 1264., 1240., 1278., 1246., 1263., 1273., 1385., 1279., 1271., 1260., 1268., 1286., 1246., 1247., 1457., 1255., 1267., 1256., 1290., 1245., 1252., 1330., 1357., 1244., 1269., 1246., 1247., 1268., 1254., 1305.}",""
46,54,"stage2_unit1/conv3","stage2_unit2/bn3",8,"stage2_unit1/conv3-stage2_unit1/_plus_stage2_unit1-stage2_unit2/bn1-stage2_unit2/relu1-stage2_unit2/conv1-stage2_unit2/bn2-stage2_unit2/relu2-stage2_unit2/conv2-stage2_unit2/bn3","Convolution","BatchNormalization","List-List-List-List-List-List-List-List-List","","","",66.,67.1667,98.,"","","","","","","","","","","{98., 75., 69., 68., 69., 68., 67., 67., 68., 68., 67., 67., 68., 67., 68., 67., 67., 67., 66., 67., 67., 67., 67., 67., 67., 68., 67., 67., 67., 68., 81., 68., 67., 67., 67., 68., 67., 66., 66., 67., 67., 66., 66., 66., 67., 67., 67., 67., 67., 67.}",""
47,55,"stage2_unit1/_plus_stage2_unit1","stage2_unit2/relu3",8,"stage2_unit1/_plus_stage2_unit1-stage2_unit2/bn1-stage2_unit2/relu1-stage2_unit2/conv1-stage2_unit2/bn2-stage2_unit2/relu2-stage2_unit2/conv2-stage2_unit2/bn3-stage2_unit2/relu3","Threading","Elementwise","List-List-List-List-List-List-List-List-List",220.,220.8333,312.,59.,59.8667,101.,2313.,2362.9667,2670.,2093.,2142.1333,2358.,2254.,2303.1,2569.,"{312., 301., 230., 233., 223., 220., 228., 221., 221., 221., 220., 221., 221., 221., 221., 221., 221., 220., 221., 220., 220., 234., 222., 221., 220., 222., 220., 221., 220., 220., 221., 220., 221., 221., 221., 220., 221., 221., 220., 231., 221., 221., 221., 221., 220., 221., 221., 220., 221., 220.}","{101., 70., 63., 61., 61., 61., 61., 60., 60., 60., 61., 60., 60., 60., 60., 60., 60., 60., 59., 60., 74., 61., 60., 60., 60., 60., 59., 60., 60., 60., 60., 60., 59., 59., 59., 59., 60., 59., 59., 59., 60., 60., 59., 59., 60., 59., 59., 60., 60., 59.}","{2670., 2433., 2359., 2448., 2395., 2367., 2354., 2322., 2474., 2313., 2358., 2374., 2493., 2350., 2344., 2326., 2473., 2336., 2339., 2341., 2465., 2355., 2336., 2354., 2380., 2418., 2314., 2351., 2349., 2472., 2335., 2324., 2352., 2509., 2321., 2349., 2323., 2493., 2348., 2352., 2376., 2424., 2396., 2329., 2341., 2378., 2426., 2344., 2330., 2343.}"
48,56,"stage2_unit2/bn1","stage2_unit2/conv3",8,"stage2_unit2/bn1-stage2_unit2/relu1-stage2_unit2/conv1-stage2_unit2/bn2-stage2_unit2/relu2-stage2_unit2/conv2-stage2_unit2/bn3-stage2_unit2/relu3-stage2_unit2/conv3","BatchNormalization","Convolution","List-List-List-List-List-List-List-List-List",184.,185.4,224.,188.,190.5,273.,2297.,2345.6333,2549.,2113.,2160.2333000000003,2325.,2109.,2155.1333,2276.,"{224., 194., 187., 186., 186., 186., 185., 185., 185., 186., 186., 185., 186., 185., 186., 185., 200., 186., 185., 185., 185., 186., 185., 185., 186., 185., 184., 186., 185., 185., 185., 193., 186., 185., 185., 185., 185., 198., 186., 186., 186., 186., 185., 185., 185., 185., 185., 184., 185., 185.}","{273., 213., 195., 191., 191., 190., 189., 190., 189., 190., 189., 189., 189., 190., 189., 189., 190., 188., 199., 190., 190., 190., 209., 190., 190., 197., 215., 214., 214., 214., 222., 189., 195., 190., 190., 189., 190., 189., 190., 189., 189., 190., 202., 190., 191., 190., 189., 190., 190., 189.}","{2549., 2390., 2356., 2484., 2368., 2327., 2339., 2445., 2336., 2338., 2308., 2394., 2414., 2323., 2304., 2306., 2493., 2334., 2346., 2336., 2468., 2334., 2326., 2326., 2474., 2310., 2323., 2309., 2403., 2378., 2334., 2327., 2333., 2489., 2301., 2310., 2325., 2457., 2332., 2297., 2337., 2467., 2307., 2314., 2298., 2408., 2393., 2339., 2307., 2340.}"
49,57,"stage2_unit2/relu1","stage2_unit2/_plus_stage2_unit2",8,"stage2_unit2/relu1-stage2_unit2/conv1-stage2_unit2/bn2-stage2_unit2/relu2-stage2_unit2/conv2-stage2_unit2/bn3-stage2_unit2/relu3-stage2_unit2/conv3-stage2_unit2/_plus_stage2_unit2","Elementwise","Threading","List-List-List-List-List-List-List-List-List",165.,166.4,195.,221.,222.20000000000002,287.,"","","","","","","","","","{195., 192., 168., 167., 166., 166., 166., 166., 166., 166., 166., 166., 165., 166., 167., 166., 166., 166., 167., 166., 166., 181., 167., 167., 167., 166., 167., 166., 166., 167., 167., 166., 166., 166., 166., 167., 168., 167., 167., 166., 166., 167., 166., 167., 166., 176., 167., 166., 166., 175.}","{287., 263., 225., 222., 224., 231., 222., 222., 229., 223., 222., 222., 222., 221., 222., 222., 222., 222., 222., 221., 221., 222., 221., 235., 222., 221., 222., 221., 222., 222., 221., 221., 222., 221., 221., 221., 222., 222., 221., 222., 233., 225., 223., 223., 223., 223., 223., 223., 223., 223.}",""
50,58,"stage2_unit2/conv1","stage2_unit3/bn1",8,"stage2_unit2/conv1-stage2_unit2/bn2-stage2_unit2/relu2-stage2_unit2/conv2-stage2_unit2/bn3-stage2_unit2/relu3-stage2_unit2/conv3-stage2_unit2/_plus_stage2_unit2-stage2_unit3/bn1","Convolution","BatchNormalization","List-List-List-List-List-List-List-List-List",228.,230.0333,378.,184.,185.3333,236.,"","","","","","","","","","{378., 240., 231., 231., 230., 230., 230., 229., 230., 229., 229., 244., 230., 230., 277., 257., 255., 255., 260., 230., 230., 229., 230., 229., 229., 229., 228., 243., 232., 230., 230., 230., 230., 230., 231., 228., 229., 230., 228., 230., 230., 229., 229., 230., 241., 232., 229., 229., 229., 230.}","{236., 204., 187., 185., 186., 186., 185., 186., 185., 186., 185., 185., 186., 184., 185., 185., 184., 185., 186., 185., 199., 187., 185., 185., 184., 184., 186., 185., 184., 185., 185., 185., 186., 184., 185., 192., 186., 185., 185., 185., 185., 199., 186., 186., 185., 186., 185., 185., 186., 185.}",""
51,59,"stage2_unit2/bn2","stage2_unit3/relu1",8,"stage2_unit2/bn2-stage2_unit2/relu2-stage2_unit2/conv2-stage2_unit2/bn3-stage2_unit2/relu3-stage2_unit2/conv3-stage2_unit2/_plus_stage2_unit2-stage2_unit3/bn1-stage2_unit3/relu1","BatchNormalization","Elementwise","List-List-List-List-List-List-List-List-List",67.,67.3,98.,164.,167.20000000000002,187.,"","","","","","","","","","{98., 79., 69., 68., 68., 68., 67., 68., 68., 68., 67., 67., 68., 67., 67., 67., 67., 68., 67., 67., 67., 67., 67., 68., 67., 67., 67., 67., 82., 69., 67., 67., 67., 67., 67., 67., 67., 67., 68., 76., 68., 67., 67., 67., 67., 67., 68., 68., 67., 67.}","{187., 171., 168., 167., 167., 167., 167., 167., 167., 167., 180., 170., 167., 170., 169., 169., 168., 167., 166., 167., 168., 168., 168., 166., 167., 168., 168., 167., 168., 168., 168., 168., 167., 168., 179., 166., 165., 165., 173., 166., 164., 164., 178., 165., 164., 165., 165., 164., 164., 164.}",""
52,60,"stage2_unit2/relu2","stage2_unit3/conv1",8,"stage2_unit2/relu2-stage2_unit2/conv2-stage2_unit2/bn3-stage2_unit2/relu3-stage2_unit2/conv3-stage2_unit2/_plus_stage2_unit2-stage2_unit3/bn1-stage2_unit3/relu1-stage2_unit3/conv1","Elementwise","Convolution","List-List-List-List-List-List-List-List-List",56.,58.4333,90.,228.,230.4333,363.,"","","","","","","","","","{90., 69., 65., 63., 63., 63., 62., 62., 63., 62., 62., 63., 62., 63., 62., 62., 65., 58., 58., 58., 58., 57., 57., 58., 58., 58., 57., 56., 57., 57., 57., 57., 57., 57., 57., 56., 57., 57., 57., 58., 57., 57., 57., 56., 57., 57., 57., 56., 57., 56.}","{363., 239., 248., 233., 232., 230., 230., 230., 231., 230., 231., 230., 230., 230., 230., 230., 230., 230., 229., 242., 232., 230., 230., 230., 230., 228., 230., 230., 230., 231., 229., 268., 258., 255., 256., 255., 244., 232., 230., 229., 230., 231., 230., 229., 230., 228., 229., 229., 230., 229.}",""
53,61,"stage2_unit2/conv2","stage2_unit3/bn2",8,"stage2_unit2/conv2-stage2_unit2/bn3-stage2_unit2/relu3-stage2_unit2/conv3-stage2_unit2/_plus_stage2_unit2-stage2_unit3/bn1-stage2_unit3/relu1-stage2_unit3/conv1-stage2_unit3/bn2","Convolution","BatchNormalization","List-List-List-List-List-List-List-List-List",1232.,1263.1000000000001,1518.,66.,67.33330000000001,96.,"","","","","","","","","","{1518., 1278., 1262., 1253., 1245., 1263., 1257., 1263., 1419., 1261., 1242., 1233., 1274., 1256., 1242., 1336., 1344., 1234., 1267., 1235., 1268., 1259., 1241., 1310., 1352., 1261., 1262., 1264., 1247., 1257., 1257., 1335., 1323., 1252., 1261., 1232., 1264., 1265., 1256., 1367., 1317., 1261., 1257., 1279., 1248., 1246., 1265., 1416., 1249., 1264.}","{96., 77., 69., 69., 68., 68., 68., 67., 67., 67., 68., 68., 81., 69., 68., 67., 67., 68., 68., 67., 67., 68., 67., 67., 67., 67., 67., 67., 67., 67., 66., 67., 66., 67., 67., 67., 67., 67., 68., 67., 67., 68., 68., 68., 67., 67., 67., 67., 67., 68.}",""
54,62,"stage2_unit2/bn3","stage2_unit3/relu2",8,"stage2_unit2/bn3-stage2_unit2/relu3-stage2_unit2/conv3-stage2_unit2/_plus_stage2_unit2-stage2_unit3/bn1-stage2_unit3/relu1-stage2_unit3/conv1-stage2_unit3/bn2-stage2_unit3/relu2","BatchNormalization","Elementwise","List-List-List-List-List-List-List-List-List",66.,67.2667,94.,59.,59.800000000000004,82.,"","","","","","","","","","{94., 73., 69., 69., 68., 68., 68., 68., 67., 67., 67., 68., 67., 67., 81., 69., 68., 67., 67., 68., 74., 72., 68., 67., 67., 67., 67., 68., 67., 66., 67., 67., 67., 67., 67., 67., 67., 67., 66., 67., 67., 67., 67., 67., 68., 67., 67., 67., 67., 67.}","{82., 65., 61., 61., 60., 60., 60., 60., 60., 60., 60., 60., 60., 60., 60., 60., 60., 60., 60., 60., 60., 60., 59., 59., 60., 60., 59., 60., 60., 60., 59., 60., 60., 60., 60., 60., 59., 59., 59., 59., 59., 59., 59., 59., 59., 60., 59., 59., 59., 60.}",""
55,63,"stage2_unit2/relu3","stage2_unit3/conv2",8,"stage2_unit2/relu3-stage2_unit2/conv3-stage2_unit2/_plus_stage2_unit2-stage2_unit3/bn1-stage2_unit3/relu1-stage2_unit3/conv1-stage2_unit3/bn2-stage2_unit3/relu2-stage2_unit3/conv2","Elementwise","Convolution","List-List-List-List-List-List-List-List-List",58.,59.2,82.,1236.,1266.8667,1443.,"","","","","","","","","","{82., 65., 61., 60., 59., 60., 60., 59., 59., 59., 59., 59., 59., 59., 59., 59., 60., 59., 59., 59., 59., 60., 59., 59., 59., 59., 60., 60., 59., 58., 60., 60., 59., 59., 59., 60., 59., 59., 59., 59., 59., 59., 59., 60., 59., 59., 59., 59., 60., 60.}","{1443., 1345., 1335., 1263., 1271., 1243., 1251., 1287., 1255., 1342., 1333., 1248., 1250., 1266., 1271., 1246., 1268., 1376., 1286., 1264., 1252., 1238., 1236., 1240., 1257., 1409., 1259., 1247., 1244., 1271., 1250., 1250., 1279., 1407., 1260., 1277., 1250., 1251., 1276., 1254., 1296., 1380., 1270., 1266., 1260., 1253., 1258., 1252., 1359., 1355.}",""
56,64,"stage2_unit2/conv3","stage2_unit3/bn3",8,"stage2_unit2/conv3-stage2_unit2/_plus_stage2_unit2-stage2_unit3/bn1-stage2_unit3/relu1-stage2_unit3/conv1-stage2_unit3/bn2-stage2_unit3/relu2-stage2_unit3/conv2-stage2_unit3/bn3","Convolution","BatchNormalization","List-List-List-List-List-List-List-List-List",187.,190.,276.,67.,68.2667,93.,"","","","","","","","","","{276., 212., 194., 192., 190., 190., 189., 189., 189., 189., 189., 189., 188., 189., 189., 225., 214., 214., 213., 213., 216., 207., 191., 190., 196., 191., 190., 189., 190., 188., 189., 189., 189., 189., 189., 189., 189., 189., 189., 190., 188., 200., 193., 189., 190., 189., 189., 189., 189., 187.}","{93., 75., 70., 69., 68., 68., 68., 69., 69., 68., 68., 68., 69., 69., 69., 68., 68., 69., 69., 69., 68., 67., 67., 68., 68., 68., 67., 67., 67., 68., 69., 69., 69., 68., 68., 67., 68., 68., 77., 70., 68., 67., 68., 68., 69., 68., 68., 68., 68., 68.}",""
57,65,"stage2_unit2/_plus_stage2_unit2","stage2_unit3/relu3",8,"stage2_unit2/_plus_stage2_unit2-stage2_unit3/bn1-stage2_unit3/relu1-stage2_unit3/conv1-stage2_unit3/bn2-stage2_unit3/relu2-stage2_unit3/conv2-stage2_unit3/bn3-stage2_unit3/relu3","Threading","Elementwise","List-List-List-List-List-List-List-List-List",220.,220.7333,288.,59.,60.,98.,2312.,2363.0667000000003,2641.,2092.,2142.3333000000002,2353.,2253.,2303.0667000000003,2543.,"{288., 280., 226., 222., 220., 221., 222., 220., 221., 221., 221., 231., 221., 221., 221., 220., 221., 221., 220., 221., 220., 220., 221., 220., 220., 220., 220., 221., 220., 231., 221., 220., 221., 221., 220., 220., 221., 220., 220., 220., 220., 228., 223., 221., 221., 221., 220., 229., 222., 221.}","{98., 71., 63., 62., 61., 60., 60., 60., 60., 61., 60., 60., 60., 60., 60., 60., 60., 61., 60., 60., 60., 61., 60., 61., 60., 60., 59., 60., 60., 60., 59., 60., 60., 60., 59., 60., 60., 60., 60., 60., 59., 60., 60., 59., 59., 60., 60., 60., 60., 60.}","{2641., 2423., 2409., 2468., 2337., 2319., 2340., 2495., 2325., 2335., 2322., 2483., 2350., 2315., 2335., 2438., 2405., 2330., 2312., 2413., 2424., 2349., 2315., 2317., 2494., 2327., 2328., 2317., 2451., 2332., 2321., 2333., 2493., 2360., 2336., 2376., 2446., 2413., 2339., 2349., 2376., 2442., 2321., 2346., 2334., 2475., 2345., 2313., 2343., 2500.}"
58,66,"stage2_unit3/bn1","stage2_unit3/conv3",8,"stage2_unit3/bn1-stage2_unit3/relu1-stage2_unit3/conv1-stage2_unit3/bn2-stage2_unit3/relu2-stage2_unit3/conv2-stage2_unit3/bn3-stage2_unit3/relu3-stage2_unit3/conv3","BatchNormalization","Convolution","List-List-List-List-List-List-List-List-List",183.,184.5333,218.,188.,190.9667,277.,2298.,2340.8,2563.,2115.,2156.2667,2345.,2110.,2149.8333000000002,2286.,"{218., 197., 186., 186., 185., 185., 198., 185., 184., 184., 184., 185., 183., 185., 185., 184., 184., 185., 184., 184., 184., 194., 185., 185., 184., 184., 185., 184., 195., 184., 184., 186., 184., 185., 184., 185., 184., 184., 185., 184., 185., 184., 184., 184., 185., 184., 185., 184., 185., 197.}","{277., 197., 198., 206., 192., 189., 190., 190., 190., 189., 189., 191., 190., 188., 200., 192., 189., 189., 220., 216., 212., 213., 214., 228., 190., 189., 190., 190., 188., 190., 196., 191., 189., 190., 203., 192., 198., 190., 190., 190., 189., 189., 190., 189., 188., 189., 189., 188., 189., 189.}","{2563., 2343., 2447., 2340., 2310., 2302., 2345., 2437., 2336., 2333., 2301., 2428., 2339., 2322., 2322., 2474., 2322., 2320., 2303., 2447., 2357., 2313., 2322., 2367., 2430., 2312., 2344., 2337., 2435., 2328., 2314., 2317., 2450., 2342., 2314., 2301., 2448., 2339., 2314., 2308., 2347., 2414., 2298., 2312., 2306., 2475., 2338., 2301., 2325., 2458.}"
59,67,"stage2_unit3/relu1","stage2_unit3/_plus_stage2_unit3",8,"stage2_unit3/relu1-stage2_unit3/conv1-stage2_unit3/bn2-stage2_unit3/relu2-stage2_unit3/conv2-stage2_unit3/bn3-stage2_unit3/relu3-stage2_unit3/conv3-stage2_unit3/_plus_stage2_unit3","Elementwise","Threading","List-List-List-List-List-List-List-List-List",165.,166.5667,195.,220.,221.4333,288.,"","","","","","","","","","{195., 191., 168., 167., 167., 166., 167., 167., 166., 167., 167., 167., 166., 179., 168., 166., 166., 165., 166., 166., 166., 167., 165., 166., 166., 166., 166., 166., 167., 166., 166., 167., 166., 166., 167., 168., 166., 177., 165., 167., 167., 175., 167., 167., 167., 167., 166., 167., 166., 167.}","{288., 259., 233., 223., 222., 221., 223., 222., 221., 221., 221., 222., 221., 222., 222., 221., 221., 232., 222., 221., 221., 221., 221., 221., 222., 221., 221., 221., 221., 221., 222., 222., 221., 222., 221., 231., 221., 221., 222., 222., 221., 220., 221., 221., 222., 221., 222., 228., 222., 221.}",""
60,68,"stage2_unit3/conv1","stage2_unit4/bn1",8,"stage2_unit3/conv1-stage2_unit3/bn2-stage2_unit3/relu2-stage2_unit3/conv2-stage2_unit3/bn3-stage2_unit3/relu3-stage2_unit3/conv3-stage2_unit3/_plus_stage2_unit3-stage2_unit4/bn1","Convolution","BatchNormalization","List-List-List-List-List-List-List-List-List",227.,229.9667,375.,183.,185.9,229.,"","","","","","","","","","{375., 237., 232., 230., 229., 241., 233., 228., 263., 257., 256., 254., 264., 229., 229., 229., 228., 229., 230., 229., 230., 229., 242., 231., 229., 229., 228., 229., 229., 230., 229., 229., 227., 230., 228., 229., 228., 229., 229., 241., 230., 229., 229., 228., 228., 239., 235., 229., 229., 229.}","{229., 203., 189., 186., 186., 186., 186., 186., 186., 186., 186., 185., 187., 200., 188., 185., 185., 186., 186., 186., 185., 185., 186., 185., 185., 186., 186., 185., 195., 186., 186., 186., 186., 186., 200., 187., 185., 186., 187., 185., 186., 186., 186., 186., 186., 186., 186., 183., 183., 184.}",""
61,69,"stage2_unit3/bn2","stage2_unit4/relu1",8,"stage2_unit3/bn2-stage2_unit3/relu2-stage2_unit3/conv2-stage2_unit3/bn3-stage2_unit3/relu3-stage2_unit3/conv3-stage2_unit3/_plus_stage2_unit3-stage2_unit4/bn1-stage2_unit4/relu1","BatchNormalization","Elementwise","List-List-List-List-List-List-List-List-List",68.,69.1333,99.,167.,168.4,186.,"","","","","","","","","","{99., 79., 71., 70., 68., 68., 68., 68., 68., 89., 71., 69., 69., 69., 69., 69., 68., 69., 69., 76., 72., 70., 70., 69., 69., 69., 69., 69., 69., 69., 70., 69., 69., 69., 69., 68., 69., 69., 69., 70., 70., 70., 69., 69., 69., 69., 69., 69., 69., 68.}","{186., 169., 184., 169., 169., 169., 169., 169., 168., 169., 169., 167., 169., 168., 169., 167., 169., 168., 168., 168., 168., 169., 169., 167., 168., 168., 180., 169., 168., 168., 177., 169., 169., 168., 168., 168., 167., 168., 169., 168., 168., 168., 168., 168., 167., 168., 168., 168., 167., 180.}",""
62,70,"stage2_unit3/relu2","stage2_unit4/conv1",8,"stage2_unit3/relu2-stage2_unit3/conv2-stage2_unit3/bn3-stage2_unit3/relu3-stage2_unit3/conv3-stage2_unit3/_plus_stage2_unit3-stage2_unit4/bn1-stage2_unit4/relu1-stage2_unit4/conv1","Elementwise","Convolution","List-List-List-List-List-List-List-List-List",59.,60.2333,89.,228.,229.7333,357.,"","","","","","","","","","{89., 65., 64., 62., 61., 62., 60., 61., 61., 60., 60., 60., 60., 61., 61., 61., 61., 60., 60., 60., 60., 60., 59., 60., 60., 60., 60., 60., 60., 60., 60., 59., 60., 61., 60., 60., 60., 69., 61., 60., 60., 60., 61., 60., 61., 60., 60., 60., 59., 60.}","{357., 238., 232., 231., 230., 229., 230., 229., 229., 230., 230., 229., 230., 244., 231., 231., 229., 229., 229., 229., 230., 229., 229., 229., 229., 274., 256., 256., 256., 273., 233., 230., 229., 230., 230., 230., 229., 230., 229., 228., 228., 229., 228., 229., 228., 229., 228., 242., 231., 229.}",""
63,71,"stage2_unit3/conv2","stage2_unit4/bn2",8,"stage2_unit3/conv2-stage2_unit3/bn3-stage2_unit3/relu3-stage2_unit3/conv3-stage2_unit3/_plus_stage2_unit3-stage2_unit4/bn1-stage2_unit4/relu1-stage2_unit4/conv1-stage2_unit4/bn2","Convolution","BatchNormalization","List-List-List-List-List-List-List-List-List",1238.,1262.5667,1441.,66.,67.0667,98.,"","","","","","","","","","{1441., 1311., 1269., 1253., 1266., 1258., 1273., 1378., 1253., 1250., 1251., 1241., 1251., 1261., 1309., 1324., 1260., 1263., 1259., 1254., 1276., 1238., 1322., 1360., 1248., 1245., 1250., 1256., 1254., 1287., 1363., 1312., 1256., 1240., 1238., 1254., 1270., 1250., 1382., 1288., 1251., 1248., 1254., 1252., 1252., 1266., 1411., 1253., 1262., 1266.}","{98., 77., 70., 68., 68., 67., 67., 67., 67., 68., 67., 67., 67., 68., 67., 67., 67., 67., 68., 67., 67., 67., 67., 67., 68., 67., 67., 66., 67., 68., 67., 67., 67., 67., 67., 67., 67., 67., 67., 67., 67., 67., 67., 67., 67., 68., 67., 67., 68., 67.}",""
64,72,"stage2_unit3/bn3","stage2_unit4/relu2",8,"stage2_unit3/bn3-stage2_unit3/relu3-stage2_unit3/conv3-stage2_unit3/_plus_stage2_unit3-stage2_unit4/bn1-stage2_unit4/relu1-stage2_unit4/conv1-stage2_unit4/bn2-stage2_unit4/relu2","BatchNormalization","Elementwise","List-List-List-List-List-List-List-List-List",66.,66.9667,95.,59.,59.6,83.,"","","","","","","","","","{95., 82., 71., 68., 68., 68., 68., 67., 67., 67., 67., 67., 67., 66., 67., 67., 67., 67., 66., 67., 67., 67., 66., 67., 67., 67., 66., 67., 67., 67., 66., 67., 67., 67., 66., 66., 66., 67., 67., 67., 67., 66., 67., 67., 67., 67., 66., 66., 67., 67.}","{83., 67., 61., 61., 61., 60., 60., 60., 60., 60., 60., 60., 60., 59., 60., 60., 59., 59., 59., 59., 60., 60., 59., 59., 59., 59., 59., 60., 59., 62., 59., 59., 59., 59., 59., 59., 59., 59., 59., 59., 67., 61., 60., 60., 60., 59., 60., 60., 60., 60.}",""
65,73,"stage2_unit3/relu3","stage2_unit4/conv2",8,"stage2_unit3/relu3-stage2_unit3/conv3-stage2_unit3/_plus_stage2_unit3-stage2_unit4/bn1-stage2_unit4/relu1-stage2_unit4/conv1-stage2_unit4/bn2-stage2_unit4/relu2-stage2_unit4/conv2","Elementwise","Convolution","List-List-List-List-List-List-List-List-List",59.,59.633300000000006,82.,1240.,1264.5,1504.,"","","","","","","","","","{82., 65., 60., 61., 60., 59., 60., 60., 59., 59., 59., 59., 60., 60., 60., 59., 59., 60., 59., 60., 59., 60., 60., 59., 59., 59., 59., 59., 60., 60., 60., 60., 60., 60., 60., 59., 60., 59., 60., 59., 73., 60., 60., 60., 60., 59., 59., 59., 59., 60.}","{1504., 1337., 1259., 1266., 1247., 1249., 1260., 1247., 1335., 1344., 1240., 1265., 1266., 1249., 1254., 1277., 1378., 1264., 1263., 1268., 1272., 1280., 1262., 1256., 1442., 1247., 1253., 1259., 1270., 1243., 1246., 1294., 1363., 1244., 1254., 1249., 1259., 1273., 1243., 1326., 1362., 1257., 1255., 1264., 1254., 1266., 1260., 1350., 1307., 1246.}",""
66,74,"stage2_unit3/conv3","stage2_unit4/bn3",8,"stage2_unit3/conv3-stage2_unit3/_plus_stage2_unit3-stage2_unit4/bn1-stage2_unit4/relu1-stage2_unit4/conv1-stage2_unit4/bn2-stage2_unit4/relu2-stage2_unit4/conv2-stage2_unit4/bn3","Convolution","BatchNormalization","List-List-List-List-List-List-List-List-List",188.,189.9333,288.,67.,68.1333,95.,"","","","","","","","","","{288., 196., 191., 190., 191., 189., 188., 190., 219., 219., 214., 213., 213., 232., 202., 191., 189., 189., 190., 189., 189., 190., 195., 189., 189., 190., 189., 188., 189., 189., 189., 188., 189., 189., 188., 202., 195., 190., 189., 193., 189., 189., 188., 189., 189., 189., 189., 189., 188., 189.}","{95., 74., 69., 68., 69., 69., 69., 68., 67., 68., 68., 67., 68., 67., 68., 67., 68., 68., 68., 68., 75., 69., 68., 68., 68., 68., 68., 68., 68., 67., 68., 69., 68., 67., 68., 68., 68., 68., 74., 68., 69., 68., 69., 68., 67., 68., 68., 68., 69., 69.}",""
67,75,"stage2_unit3/_plus_stage2_unit3","stage2_unit4/relu3",8,"stage2_unit3/_plus_stage2_unit3-stage2_unit4/bn1-stage2_unit4/relu1-stage2_unit4/conv1-stage2_unit4/bn2-stage2_unit4/relu2-stage2_unit4/conv2-stage2_unit4/bn3-stage2_unit4/relu3","Threading","Elementwise","List-List-List-List-List-List-List-List-List",220.,221.0667,289.,59.,59.2,98.,2313.,2359.7667,2654.,2093.,2138.7000000000003,2365.,2254.,2300.5667000000003,2556.,"{289., 280., 227., 222., 221., 221., 230., 221., 222., 221., 221., 221., 221., 221., 221., 222., 221., 221., 221., 220., 221., 221., 221., 231., 220., 221., 220., 221., 220., 220., 221., 221., 220., 221., 221., 221., 228., 222., 221., 221., 221., 232., 221., 222., 221., 220., 221., 221., 221., 221.}","{98., 70., 62., 59., 60., 59., 59., 59., 60., 60., 59., 59., 59., 59., 59., 59., 59., 59., 60., 60., 59., 59., 59., 59., 59., 59., 60., 59., 59., 59., 60., 59., 59., 59., 59., 73., 60., 59., 59., 59., 59., 59., 59., 60., 59., 59., 59., 67., 61., 60.}","{2654., 2437., 2523., 2341., 2329., 2353., 2395., 2385., 2326., 2342., 2406., 2439., 2360., 2328., 2313., 2493., 2313., 2334., 2318., 2485., 2351., 2318., 2331., 2475., 2366., 2338., 2317., 2433., 2350., 2342., 2337., 2324., 2471., 2325., 2336., 2321., 2456., 2333., 2342., 2358., 2487., 2349., 2347., 2349., 2446., 2388., 2336., 2358., 2400., 2367.}"
68,76,"stage2_unit4/bn1","stage2_unit4/conv3",8,"stage2_unit4/bn1-stage2_unit4/relu1-stage2_unit4/conv1-stage2_unit4/bn2-stage2_unit4/relu2-stage2_unit4/conv2-stage2_unit4/bn3-stage2_unit4/relu3-stage2_unit4/conv3","BatchNormalization","Convolution","List-List-List-List-List-List-List-List-List",185.,185.7333,231.,189.,190.70000000000002,281.,2283.,2346.5667000000003,2524.,2098.,2160.8333000000002,2293.,2094.,2155.8667,2243.,"{231., 195., 187., 186., 186., 186., 185., 185., 185., 185., 185., 185., 185., 185., 186., 195., 187., 185., 186., 186., 186., 185., 197., 186., 185., 187., 186., 186., 186., 186., 186., 185., 186., 186., 185., 186., 186., 185., 186., 186., 185., 185., 186., 197., 187., 185., 186., 186., 186., 185.}","{281., 196., 191., 191., 198., 191., 190., 190., 202., 191., 189., 197., 231., 213., 213., 212., 224., 189., 189., 190., 189., 189., 189., 190., 190., 190., 190., 190., 210., 192., 190., 190., 190., 190., 190., 190., 189., 190., 189., 189., 189., 190., 189., 190., 189., 190., 191., 190., 200., 193.}","{2524., 2396., 2447., 2325., 2304., 2321., 2474., 2331., 2333., 2283., 2431., 2346., 2330., 2307., 2359., 2465., 2337., 2335., 2332., 2427., 2304., 2311., 2317., 2475., 2312., 2318., 2297., 2438., 2333., 2336., 2306., 2361., 2429., 2308., 2331., 2338., 2435., 2311., 2313., 2342., 2479., 2315., 2325., 2316., 2443., 2399., 2322., 2340., 2366., 2424.}"
69,77,"stage2_unit4/relu1","stage2_unit4/_plus_stage2_unit4",8,"stage2_unit4/relu1-stage2_unit4/conv1-stage2_unit4/bn2-stage2_unit4/relu2-stage2_unit4/conv2-stage2_unit4/bn3-stage2_unit4/relu3-stage2_unit4/conv3-stage2_unit4/_plus_stage2_unit4","Elementwise","Threading","List-List-List-List-List-List-List-List-List",165.,166.4,194.,220.,221.13330000000002,288.,"","","","","","","","","","{194., 193., 169., 167., 167., 178., 166., 166., 167., 166., 166., 165., 167., 166., 166., 166., 166., 166., 166., 167., 167., 166., 166., 167., 166., 166., 166., 166., 166., 178., 166., 166., 166., 174., 166., 167., 166., 167., 166., 167., 167., 167., 166., 166., 168., 166., 167., 167., 166., 167.}","{288., 263., 223., 222., 221., 221., 222., 220., 220., 221., 221., 233., 221., 221., 222., 221., 220., 221., 220., 221., 221., 221., 220., 221., 221., 221., 220., 221., 221., 230., 222., 221., 220., 221., 221., 222., 221., 221., 220., 221., 221., 227., 221., 221., 221., 220., 221., 234., 224., 223.}",""
70,78,"stage2_unit4/conv1","stage3_unit1/bn1",8,"stage2_unit4/conv1-stage2_unit4/bn2-stage2_unit4/relu2-stage2_unit4/conv2-stage2_unit4/bn3-stage2_unit4/relu3-stage2_unit4/conv3-stage2_unit4/_plus_stage2_unit4-stage3_unit1/bn1","Convolution","BatchNormalization","List-List-List-List-List-List-List-List-List",228.,233.16670000000002,388.,184.,185.13330000000002,228.,"","","","","","","","","","{388., 241., 233., 281., 258., 258., 257., 260., 231., 230., 229., 230., 231., 230., 230., 230., 243., 231., 230., 229., 230., 230., 228., 230., 231., 228., 230., 229., 230., 229., 228., 230., 229., 242., 232., 230., 229., 230., 229., 249., 236., 230., 231., 231., 229., 271., 258., 255., 255., 254.}","{228., 197., 187., 185., 185., 185., 194., 186., 185., 184., 185., 184., 185., 184., 184., 185., 184., 185., 185., 185., 194., 187., 186., 185., 185., 186., 185., 198., 187., 185., 185., 185., 185., 185., 185., 185., 185., 185., 185., 185., 184., 184., 186., 185., 185., 185., 185., 184., 197., 186.}",""
71,79,"stage2_unit4/bn2","stage3_unit1/relu1",8,"stage2_unit4/bn2-stage2_unit4/relu2-stage2_unit4/conv2-stage2_unit4/bn3-stage2_unit4/relu3-stage2_unit4/conv3-stage2_unit4/_plus_stage2_unit4-stage3_unit1/bn1-stage3_unit1/relu1","BatchNormalization","Elementwise","List-List-List-List-List-List-List-List-List",66.,67.,108.,164.,165.3667,193.,"","","","","","","","","","{108., 80., 70., 68., 68., 68., 68., 68., 67., 67., 67., 67., 67., 67., 67., 67., 66., 67., 66., 67., 67., 67., 67., 67., 67., 67., 67., 67., 67., 67., 67., 66., 66., 67., 67., 67., 66., 66., 66., 67., 67., 67., 67., 67., 67., 67., 66., 79., 68., 67.}","{193., 171., 168., 167., 167., 166., 165., 166., 166., 166., 166., 165., 166., 165., 166., 167., 165., 165., 177., 166., 165., 165., 165., 173., 166., 165., 165., 165., 165., 165., 165., 165., 164., 165., 165., 165., 165., 165., 165., 164., 166., 165., 177., 165., 165., 165., 165., 166., 165., 166.}",""
72,80,"stage2_unit4/relu2","stage3_unit1/sc",8,"stage2_unit4/relu2-stage2_unit4/conv2-stage2_unit4/bn3-stage2_unit4/relu3-stage2_unit4/conv3-stage2_unit4/_plus_stage2_unit4-stage3_unit1/bn1-stage3_unit1/relu1-stage3_unit1/sc","Elementwise","Convolution","List-List-List-List-List-List-List-List-List",56.,60.1,88.,472.,475.93330000000003,593.,"","","","","","","","","","{88., 65., 62., 62., 61., 60., 61., 61., 60., 60., 61., 60., 60., 59., 61., 60., 60., 60., 60., 70., 61., 61., 61., 60., 60., 60., 60., 60., 60., 60., 61., 60., 60., 59., 60., 60., 60., 60., 60., 72., 59., 58., 58., 57., 57., 57., 57., 57., 56., 57.}","{593., 500., 478., 491., 476., 474., 473., 473., 473., 563., 530., 515., 475., 473., 474., 473., 472., 473., 473., 487., 476., 482., 475., 473., 473., 473., 474., 473., 488., 520., 531., 534., 473., 473., 472., 473., 489., 474., 473., 473., 473., 473., 473., 473., 490., 476., 476., 476., 476., 476.}",""
73,81,"stage2_unit4/conv2","stage3_unit1/conv1",8,"stage2_unit4/conv2-stage2_unit4/bn3-stage2_unit4/relu3-stage2_unit4/conv3-stage2_unit4/_plus_stage2_unit4-stage3_unit1/bn1-stage3_unit1/relu1-stage3_unit1/sc-stage3_unit1/conv1","Convolution","Convolution","List-List-List-List-List-List-List-List-List",1237.,1262.2667000000001,1434.,"","","","","","","","","","","","","{1434., 1279., 1244., 1341., 1333., 1264., 1262., 1237., 1245., 1266., 1255., 1352., 1333., 1258., 1242., 1251., 1248., 1246., 1274., 1364., 1292., 1263., 1271., 1248., 1247., 1266., 1260., 1424., 1264., 1238., 1243., 1265., 1269., 1255., 1276., 1412., 1243., 1265., 1240., 1249., 1267., 1264., 1316., 1358., 1254., 1261., 1261., 1253., 1261., 1245.}","",""
74,82,"stage2_unit4/bn3","stage3_unit1/bn2",8,"stage2_unit4/bn3-stage2_unit4/relu3-stage2_unit4/conv3-stage2_unit4/_plus_stage2_unit4-stage3_unit1/bn1-stage3_unit1/relu1-stage3_unit1/sc-stage3_unit1/conv1-stage3_unit1/bn2","BatchNormalization","BatchNormalization","List-List-List-List-List-List-List-List-List",67.,67.5667,98.,111.,111.4333,135.,"","","","","","","","","","{98., 77., 70., 68., 82., 70., 68., 68., 68., 68., 68., 68., 68., 67., 68., 68., 68., 68., 68., 68., 68., 68., 67., 67., 67., 67., 67., 67., 67., 68., 68., 67., 67., 67., 67., 67., 68., 67., 67., 67., 67., 67., 67., 67., 68., 68., 67., 67., 68., 67.}","{135., 124., 112., 114., 112., 112., 112., 112., 112., 112., 112., 112., 111., 111., 114., 111., 112., 112., 111., 111., 111., 111., 111., 111., 111., 111., 112., 111., 111., 111., 111., 111., 111., 111., 111., 112., 111., 111., 111., 112., 111., 112., 112., 112., 112., 111., 111., 111., 111., 122.}",""
75,83,"stage2_unit4/relu3","stage3_unit1/relu2",8,"stage2_unit4/relu3-stage2_unit4/conv3-stage2_unit4/_plus_stage2_unit4-stage3_unit1/bn1-stage3_unit1/relu1-stage3_unit1/sc-stage3_unit1/conv1-stage3_unit1/bn2-stage3_unit1/relu2","Elementwise","Elementwise","List-List-List-List-List-List-List-List-List",59.,59.8333,82.,99.,99.80000000000001,116.,"","","","","","","","","","{82., 66., 61., 60., 60., 70., 62., 61., 60., 60., 60., 60., 59., 59., 60., 60., 60., 59., 60., 60., 60., 59., 59., 60., 60., 60., 59., 60., 59., 59., 59., 59., 59., 60., 60., 60., 60., 60., 60., 59., 60., 60., 60., 60., 60., 60., 59., 59., 59., 60.}","{116., 104., 101., 100., 100., 100., 99., 100., 99., 100., 100., 99., 100., 99., 113., 101., 100., 100., 99., 100., 99., 100., 99., 100., 99., 100., 99., 100., 99., 99., 101., 100., 99., 100., 99., 100., 99., 101., 100., 101., 100., 100., 99., 100., 99., 100., 100., 100., 100., 100.}",""
76,84,"stage2_unit4/conv3","stage3_unit1/conv2",8,"stage2_unit4/conv3-stage2_unit4/_plus_stage2_unit4-stage3_unit1/bn1-stage3_unit1/relu1-stage3_unit1/sc-stage3_unit1/conv1-stage3_unit1/bn2-stage3_unit1/relu2-stage3_unit1/conv2","Convolution","Convolution","List-List-List-List-List-List-List-List-List",185.,212.4,408.,"","","","","","","","","","","","","{281., 200., 192., 191., 191., 189., 190., 190., 189., 189., 190., 190., 190., 189., 190., 189., 190., 203., 190., 187., 186., 186., 187., 187., 185., 187., 188., 185., 185., 186., 185., 194., 229., 211., 210., 209., 239., 408., 341., 330., 329., 328., 329., 329., 330., 327., 329., 330., 327., 341.}","",""
77,85,"stage2_unit4/_plus_stage2_unit4","stage3_unit1/bn3",8,"stage2_unit4/_plus_stage2_unit4-stage3_unit1/bn1-stage3_unit1/relu1-stage3_unit1/sc-stage3_unit1/conv1-stage3_unit1/bn2-stage3_unit1/relu2-stage3_unit1/conv2-stage3_unit1/bn3","Threading","BatchNormalization","List-List-List-List-List-List-List-List-List",219.,220.3333,302.,49.,49.7333,78.,"","","","","","","","","","{302., 286., 230., 221., 221., 220., 221., 220., 220., 221., 220., 219., 220., 227., 221., 221., 220., 221., 220., 230., 221., 220., 220., 220., 220., 219., 220., 220., 221., 220., 220., 220., 220., 220., 220., 220., 220., 230., 220., 221., 220., 221., 220., 221., 220., 220., 220., 220., 221., 221.}","{78., 57., 53., 51., 50., 50., 51., 49., 50., 50., 50., 50., 50., 50., 49., 49., 50., 49., 50., 50., 50., 49., 49., 50., 50., 50., 50., 50., 50., 50., 50., 49., 49., 50., 49., 49., 50., 49., 50., 50., 49., 50., 49., 49., 50., 49., 49., 49., 50., 49.}",""
78,86,"stage3_unit1/bn1","stage3_unit1/relu3",8,"stage3_unit1/bn1-stage3_unit1/relu1-stage3_unit1/sc-stage3_unit1/conv1-stage3_unit1/bn2-stage3_unit1/relu2-stage3_unit1/conv2-stage3_unit1/bn3-stage3_unit1/relu3","BatchNormalization","Elementwise","List-List-List-List-List-List-List-List-List",182.,184.63330000000002,222.,41.,42.,68.,"","","","","","","","","","{222., 202., 187., 185., 186., 184., 185., 185., 185., 186., 185., 198., 185., 185., 185., 185., 184., 184., 184., 184., 185., 185., 184., 184., 184., 194., 185., 185., 185., 185., 186., 185., 197., 183., 184., 182., 183., 182., 183., 182., 182., 183., 183., 182., 183., 182., 187., 189., 186., 185.}","{68., 46., 42., 42., 42., 42., 42., 42., 42., 41., 42., 48., 43., 43., 42., 42., 42., 42., 42., 42., 42., 42., 42., 42., 42., 42., 41., 42., 41., 41., 42., 42., 42., 42., 42., 42., 42., 41., 41., 42., 54., 44., 42., 42., 42., 42., 42., 42., 41., 42.}",""
79,87,"stage3_unit1/relu1","stage3_unit1/conv3",8,"stage3_unit1/relu1-stage3_unit1/sc-stage3_unit1/conv1-stage3_unit1/bn2-stage3_unit1/relu2-stage3_unit1/conv2-stage3_unit1/bn3-stage3_unit1/relu3-stage3_unit1/conv3","Elementwise","Convolution","List-List-List-List-List-List-List-List-List",165.,167.,195.,"","","","","","","","","","","","","{195., 178., 168., 167., 168., 168., 166., 180., 168., 166., 168., 175., 168., 167., 168., 167., 167., 167., 167., 166., 166., 167., 166., 166., 168., 166., 167., 166., 166., 167., 176., 167., 168., 166., 167., 167., 166., 167., 166., 167., 165., 166., 167., 168., 167., 167., 166., 167., 166., 168.}","",""
80,88,"stage3_unit1/sc","stage3_unit1/_plus_stage3_unit1",8,"stage3_unit1/sc-stage3_unit1/conv1-stage3_unit1/bn2-stage3_unit1/relu2-stage3_unit1/conv2-stage3_unit1/bn3-stage3_unit1/relu3-stage3_unit1/conv3-stage3_unit1/_plus_stage3_unit1","Convolution","Threading","List-List-List-List-List-List-List-List-List",470.,477.8,595.,122.,144.6,192.,"","","","","","","","","","{595., 492., 563., 532., 562., 476., 475., 474., 473., 473., 472., 472., 490., 475., 474., 472., 473., 472., 477., 472., 486., 474., 525., 530., 524., 473., 473., 473., 511., 481., 474., 472., 476., 473., 472., 472., 472., 485., 474., 472., 473., 473., 514., 561., 540., 488., 476., 475., 470., 471.}","{192., 157., 147., 145., 145., 146., 145., 146., 145., 145., 145., 145., 144., 145., 145., 145., 145., 144., 146., 144., 144., 144., 145., 164., 146., 145., 144., 144., 158., 144., 144., 145., 145., 144., 144., 145., 144., 144., 144., 145., 144., 145., 144., 144., 144., 144., 145., 129., 123., 122.}",""
81,89,"stage3_unit1/conv1","stage3_unit2/bn1",8,"stage3_unit1/conv1-stage3_unit1/bn2-stage3_unit1/relu2-stage3_unit1/conv2-stage3_unit1/bn3-stage3_unit1/relu3-stage3_unit1/conv3-stage3_unit1/_plus_stage3_unit1-stage3_unit2/bn1","Convolution","BatchNormalization","List-List-List-List-List-List-List-List-List","","","",120.,122.9,145.,"","","","","","","","","","","{145., 131., 126., 124., 124., 124., 127., 124., 124., 123., 122., 123., 124., 123., 123., 124., 122., 123., 123., 122., 123., 123., 123., 122., 124., 136., 125., 123., 122., 121., 122., 122., 122., 122., 123., 123., 124., 124., 123., 121., 123., 122., 121., 121., 123., 122., 120., 121., 122., 122.}",""
82,90,"stage3_unit1/bn2","stage3_unit2/relu1",8,"stage3_unit1/bn2-stage3_unit1/relu2-stage3_unit1/conv2-stage3_unit1/bn3-stage3_unit1/relu3-stage3_unit1/conv3-stage3_unit1/_plus_stage3_unit1-stage3_unit2/bn1-stage3_unit2/relu1","BatchNormalization","Elementwise","List-List-List-List-List-List-List-List-List",112.,113.53330000000001,140.,103.,104.2667,121.,"","","","","","","","","","{140., 119., 115., 115., 114., 114., 114., 115., 112., 114., 115., 112., 115., 115., 113., 113., 113., 114., 112., 114., 112., 114., 113., 113., 112., 112., 114., 113., 114., 115., 113., 114., 113., 114., 126., 115., 113., 113., 112., 114., 113., 114., 113., 113., 113., 113., 114., 113., 113., 113.}","{121., 108., 105., 104., 104., 104., 104., 106., 103., 103., 104., 112., 104., 106., 106., 104., 105., 106., 104., 104., 105., 105., 116., 106., 103., 104., 103., 104., 105., 104., 105., 105., 104., 104., 106., 104., 104., 103., 104., 105., 104., 103., 104., 104., 103., 104., 103., 103., 104., 104.}",""
83,91,"stage3_unit1/relu2","stage3_unit2/conv1",8,"stage3_unit1/relu2-stage3_unit1/conv2-stage3_unit1/bn3-stage3_unit1/relu3-stage3_unit1/conv3-stage3_unit1/_plus_stage3_unit1-stage3_unit2/bn1-stage3_unit2/relu1-stage3_unit2/conv1","Elementwise","Convolution","List-List-List-List-List-List-List-List-List",103.,104.,121.,228.,230.63330000000002,320.,"","","","","","","","","","{121., 121., 108., 104., 103., 106., 104., 105., 113., 106., 104., 104., 105., 105., 103., 103., 103., 104., 105., 104., 105., 104., 103., 103., 103., 103., 105., 103., 104., 103., 103., 104., 103., 103., 104., 106., 103., 104., 104., 118., 105., 103., 105., 104., 104., 104., 104., 104., 103., 104.}","{320., 237., 232., 231., 231., 231., 231., 231., 236., 245., 231., 229., 237., 273., 257., 257., 258., 259., 234., 231., 229., 230., 229., 230., 229., 230., 247., 231., 230., 229., 229., 230., 229., 230., 229., 229., 229., 230., 229., 229., 229., 229., 229., 243., 231., 228., 230., 229., 229., 229.}",""
84,92,"stage3_unit1/conv2","stage3_unit2/bn2",8,"stage3_unit1/conv2-stage3_unit1/bn3-stage3_unit1/relu3-stage3_unit1/conv3-stage3_unit1/_plus_stage3_unit1-stage3_unit2/bn1-stage3_unit2/relu1-stage3_unit2/conv1-stage3_unit2/bn2","Convolution","BatchNormalization","List-List-List-List-List-List-List-List-List","","","",48.,48.9667,73.,"","","","","","","","","","","{73., 54., 51., 49., 49., 50., 49., 49., 49., 49., 49., 49., 49., 49., 49., 49., 50., 49., 49., 50., 49., 49., 49., 62., 50., 49., 49., 49., 49., 48., 48., 48., 48., 48., 49., 49., 49., 49., 49., 48., 48., 48., 49., 49., 48., 48., 48., 49., 49., 49.}",""
85,93,"stage3_unit1/bn3","stage3_unit2/relu2",8,"stage3_unit1/bn3-stage3_unit1/relu3-stage3_unit1/conv3-stage3_unit1/_plus_stage3_unit1-stage3_unit2/bn1-stage3_unit2/relu1-stage3_unit2/conv1-stage3_unit2/bn2-stage3_unit2/relu2","BatchNormalization","Elementwise","List-List-List-List-List-List-List-List-List",48.,49.,74.,41.,42.,61.,"","","","","","","","","","{74., 53., 50., 50., 49., 49., 49., 49., 49., 49., 49., 49., 49., 49., 49., 49., 49., 49., 49., 49., 49., 49., 49., 49., 48., 49., 49., 49., 49., 49., 49., 49., 49., 49., 49., 49., 49., 49., 48., 49., 49., 49., 49., 48., 49., 49., 49., 49., 49., 49.}","{61., 47., 43., 42., 42., 42., 42., 42., 42., 41., 41., 41., 42., 42., 42., 42., 42., 42., 42., 42., 42., 42., 42., 42., 42., 42., 42., 42., 42., 42., 42., 42., 42., 42., 42., 42., 42., 42., 42., 42., 42., 42., 42., 42., 42., 42., 42., 41., 41., 41.}",""
86,94,"stage3_unit1/relu3","stage3_unit2/conv2",8,"stage3_unit1/relu3-stage3_unit1/conv3-stage3_unit1/_plus_stage3_unit1-stage3_unit2/bn1-stage3_unit2/relu1-stage3_unit2/conv1-stage3_unit2/bn2-stage3_unit2/relu2-stage3_unit2/conv2","Elementwise","Convolution","List-List-List-List-List-List-List-List-List",41.,42.,59.,801.,810.8667,927.,"","","","","","","","","","{59., 46., 43., 43., 43., 43., 42., 42., 42., 51., 43., 41., 41., 42., 42., 42., 42., 42., 41., 41., 42., 42., 42., 42., 42., 42., 41., 42., 42., 42., 42., 41., 42., 41., 42., 42., 42., 42., 41., 42., 42., 41., 41., 42., 42., 42., 42., 42., 42., 43.}","{919., 818., 807., 804., 828., 807., 805., 865., 907., 816., 806., 805., 805., 819., 806., 805., 804., 805., 817., 850., 907., 807., 803., 819., 806., 803., 801., 804., 822., 807., 806., 835., 910., 843., 807., 807., 807., 807., 819., 808., 807., 806., 807., 817., 927., 845., 806., 820., 806., 806.}",""
87,95,"stage3_unit1/conv3","stage3_unit2/bn3",8,"stage3_unit1/conv3-stage3_unit1/_plus_stage3_unit1-stage3_unit2/bn1-stage3_unit2/relu1-stage3_unit2/conv1-stage3_unit2/bn2-stage3_unit2/relu2-stage3_unit2/conv2-stage3_unit2/bn3","Convolution","BatchNormalization","List-List-List-List-List-List-List-List-List","","","",48.,48.7667,71.,"","","","","","","","","","","{71., 54., 49., 49., 50., 49., 48., 49., 49., 48., 48., 49., 48., 59., 51., 49., 49., 49., 48., 48., 49., 49., 49., 49., 48., 49., 48., 48., 49., 49., 48., 49., 49., 49., 48., 49., 48., 48., 49., 49., 49., 49., 48., 49., 48., 49., 49., 48., 48., 49.}",""
88,96,"stage3_unit1/_plus_stage3_unit1","stage3_unit2/relu3",8,"stage3_unit1/_plus_stage3_unit1-stage3_unit2/bn1-stage3_unit2/relu1-stage3_unit2/conv1-stage3_unit2/bn2-stage3_unit2/relu2-stage3_unit2/conv2-stage3_unit2/bn3-stage3_unit2/relu3","Threading","Elementwise","List-List-List-List-List-List-List-List-List",123.,124.5,166.,41.,41.8333,63.,1406.,1418.1667,1633.,1283.,1293.6667,1467.,1365.,1376.3333,1570.,"{166., 148., 127., 126., 125., 125., 124., 124., 125., 125., 124., 125., 124., 125., 124., 125., 125., 125., 125., 125., 124., 125., 124., 124., 124., 125., 126., 124., 136., 125., 125., 125., 123., 124., 124., 124., 124., 125., 124., 124., 124., 124., 124., 124., 124., 125., 125., 124., 124., 124.}","{63., 46., 44., 43., 42., 42., 42., 42., 42., 42., 41., 41., 42., 42., 42., 42., 41., 41., 43., 41., 41., 42., 42., 41., 41., 42., 42., 42., 42., 42., 42., 41., 41., 42., 42., 42., 42., 42., 41., 42., 41., 42., 42., 41., 41., 41., 42., 42., 42., 42.}","{1633., 1606., 1419., 1409., 1427., 1415., 1410., 1426., 1571., 1410., 1424., 1415., 1408., 1421., 1409., 1578., 1410., 1407., 1420., 1409., 1407., 1423., 1561., 1409., 1423., 1410., 1408., 1424., 1408., 1575., 1411., 1407., 1426., 1409., 1408., 1463., 1532., 1406., 1451., 1415., 1421., 1407., 1451., 1532., 1407., 1406., 1423., 1409., 1408., 1479.}"
89,97,"stage3_unit2/bn1","stage3_unit2/conv3",8,"stage3_unit2/bn1-stage3_unit2/relu1-stage3_unit2/conv1-stage3_unit2/bn2-stage3_unit2/relu2-stage3_unit2/conv2-stage3_unit2/bn3-stage3_unit2/relu3-stage3_unit2/conv3","BatchNormalization","Convolution","List-List-List-List-List-List-List-List-List",118.,118.80000000000001,146.,203.,204.7333,284.,1501.,1520.6333,1681.,1383.,1401.8333,1535.,1298.,1315.9,1397.,"{146., 127., 121., 119., 120., 119., 119., 119., 118., 119., 118., 119., 119., 119., 118., 120., 119., 119., 119., 119., 118., 119., 118., 119., 119., 119., 119., 118., 118., 133., 120., 118., 119., 119., 118., 118., 119., 118., 119., 119., 118., 119., 118., 119., 119., 119., 118., 118., 119., 118.}","{284., 213., 207., 205., 205., 205., 204., 205., 205., 205., 204., 204., 219., 206., 205., 204., 246., 232., 230., 230., 240., 215., 204., 206., 204., 204., 204., 204., 203., 204., 204., 220., 206., 204., 204., 204., 205., 204., 203., 203., 204., 204., 206., 204., 204., 204., 207., 204., 204., 204.}","{1676., 1543., 1530., 1681., 1503., 1523., 1520., 1522., 1505., 1579., 1601., 1503., 1502., 1517., 1505., 1519., 1664., 1505., 1524., 1506., 1514., 1502., 1571., 1626., 1512., 1506., 1516., 1503., 1514., 1658., 1503., 1518., 1501., 1518., 1503., 1571., 1611., 1503., 1501., 1516., 1505., 1517., 1679., 1506., 1516., 1506., 1524., 1504., 1566., 1607.}"
90,98,"stage3_unit2/relu1","stage3_unit2/_plus_stage3_unit2",8,"stage3_unit2/relu1-stage3_unit2/conv1-stage3_unit2/bn2-stage3_unit2/relu2-stage3_unit2/conv2-stage3_unit2/bn3-stage3_unit2/relu3-stage3_unit2/conv3-stage3_unit2/_plus_stage3_unit2","Elementwise","Threading","List-List-List-List-List-List-List-List-List",99.,100.10000000000001,124.,124.,125.,166.,"","","","","","","","","","{124., 115., 102., 101., 100., 101., 100., 101., 100., 100., 100., 101., 101., 99., 100., 100., 100., 100., 100., 100., 100., 100., 101., 101., 101., 100., 114., 102., 100., 100., 100., 100., 100., 100., 100., 100., 100., 100., 100., 99., 100., 100., 100., 100., 100., 100., 100., 100., 99., 100.}","{166., 137., 127., 126., 125., 126., 125., 124., 125., 125., 125., 125., 126., 125., 125., 124., 125., 124., 125., 125., 125., 125., 125., 125., 125., 125., 124., 125., 125., 125., 125., 135., 126., 125., 125., 125., 124., 125., 125., 125., 124., 125., 125., 125., 125., 125., 125., 125., 125., 125.}",""
91,99,"stage3_unit2/conv1","stage3_unit3/bn1",8,"stage3_unit2/conv1-stage3_unit2/bn2-stage3_unit2/relu2-stage3_unit2/conv2-stage3_unit2/bn3-stage3_unit2/relu3-stage3_unit2/conv3-stage3_unit2/_plus_stage3_unit2-stage3_unit3/bn1","Convolution","BatchNormalization","List-List-List-List-List-List-List-List-List",227.,229.16670000000002,319.,118.,118.9,145.,"","","","","","","","","","{319., 237., 231., 230., 228., 228., 228., 229., 229., 229., 228., 228., 229., 235., 229., 241., 232., 229., 227., 227., 228., 228., 227., 228., 228., 228., 228., 256., 256., 256., 255., 265., 243., 230., 228., 235., 229., 228., 229., 228., 227., 228., 227., 229., 228., 228., 228., 228., 229., 239.}","{145., 127., 120., 120., 119., 119., 119., 119., 119., 119., 118., 119., 119., 118., 119., 118., 119., 118., 118., 118., 119., 128., 119., 118., 119., 120., 119., 118., 118., 119., 118., 119., 125., 119., 119., 119., 119., 118., 119., 119., 119., 119., 119., 119., 119., 119., 119., 119., 118., 118.}",""
92,100,"stage3_unit2/bn2","stage3_unit3/relu1",8,"stage3_unit2/bn2-stage3_unit2/relu2-stage3_unit2/conv2-stage3_unit2/bn3-stage3_unit2/relu3-stage3_unit2/conv3-stage3_unit2/_plus_stage3_unit2-stage3_unit3/bn1-stage3_unit3/relu1","BatchNormalization","Elementwise","List-List-List-List-List-List-List-List-List",48.,49.,71.,99.,100.7333,119.,"","","","","","","","","","{71., 54., 50., 49., 49., 49., 49., 50., 49., 49., 49., 49., 49., 49., 49., 49., 49., 49., 49., 49., 49., 49., 49., 49., 48., 49., 49., 49., 49., 49., 49., 49., 49., 49., 48., 59., 50., 49., 49., 49., 49., 49., 49., 49., 49., 49., 49., 49., 49., 49.}","{119., 104., 102., 102., 116., 102., 102., 102., 101., 101., 100., 100., 101., 101., 101., 101., 100., 100., 100., 101., 100., 100., 101., 101., 101., 101., 101., 101., 100., 101., 99., 101., 101., 101., 100., 100., 101., 100., 100., 100., 100., 101., 110., 102., 101., 100., 101., 100., 101., 100.}",""
93,101,"stage3_unit2/relu2","stage3_unit3/conv1",8,"stage3_unit2/relu2-stage3_unit2/conv2-stage3_unit2/bn3-stage3_unit2/relu3-stage3_unit2/conv3-stage3_unit2/_plus_stage3_unit2-stage3_unit3/bn1-stage3_unit3/relu1-stage3_unit3/conv1","Elementwise","Convolution","List-List-List-List-List-List-List-List-List",41.,41.7667,59.,227.,230.4,317.,"","","","","","","","","","{59., 46., 50., 44., 42., 42., 42., 42., 42., 42., 42., 41., 42., 42., 42., 42., 42., 42., 42., 42., 41., 41., 41., 42., 41., 41., 42., 41., 41., 41., 42., 41., 41., 42., 42., 41., 41., 42., 42., 42., 42., 41., 41., 42., 42., 41., 41., 42., 42., 42.}","{317., 235., 232., 230., 229., 230., 246., 231., 230., 230., 230., 228., 230., 229., 230., 229., 229., 229., 229., 229., 229., 230., 228., 229., 240., 229., 229., 274., 257., 256., 257., 249., 228., 228., 229., 229., 227., 237., 229., 228., 243., 231., 230., 229., 241., 234., 229., 230., 235., 228.}",""
94,102,"stage3_unit2/conv2","stage3_unit3/bn2",8,"stage3_unit2/conv2-stage3_unit2/bn3-stage3_unit2/relu3-stage3_unit2/conv3-stage3_unit2/_plus_stage3_unit2-stage3_unit3/bn1-stage3_unit3/relu1-stage3_unit3/conv1-stage3_unit3/bn2","Convolution","BatchNormalization","List-List-List-List-List-List-List-List-List",806.,813.8333,993.,48.,49.1,72.,"","","","","","","","","","{993., 844., 813., 807., 808., 824., 809., 806., 809., 807., 823., 887., 900., 808., 809., 823., 809., 807., 808., 809., 824., 813., 808., 879., 921., 812., 809., 810., 810., 822., 810., 809., 810., 808., 822., 874., 902., 810., 809., 820., 811., 811., 811., 807., 824., 810., 808., 863., 927., 822.}","{72., 54., 51., 50., 50., 50., 49., 50., 49., 49., 49., 49., 50., 49., 49., 49., 49., 49., 49., 49., 49., 49., 49., 49., 62., 50., 49., 49., 50., 49., 49., 49., 49., 49., 48., 49., 49., 50., 49., 49., 50., 49., 49., 49., 49., 49., 49., 49., 49., 49.}",""
95,103,"stage3_unit2/bn3","stage3_unit3/relu2",8,"stage3_unit2/bn3-stage3_unit2/relu3-stage3_unit2/conv3-stage3_unit2/_plus_stage3_unit2-stage3_unit3/bn1-stage3_unit3/relu1-stage3_unit3/conv1-stage3_unit3/bn2-stage3_unit3/relu2","BatchNormalization","Elementwise","List-List-List-List-List-List-List-List-List",49.,49.2,73.,41.,41.9333,60.,"","","","","","","","","","{73., 54., 51., 50., 49., 49., 50., 50., 50., 49., 49., 50., 50., 49., 49., 50., 49., 50., 49., 49., 49., 50., 49., 49., 50., 49., 49., 49., 59., 51., 50., 49., 49., 49., 49., 49., 49., 49., 49., 49., 49., 49., 49., 49., 49., 49., 49., 49., 49., 49.}","{60., 46., 43., 42., 42., 41., 42., 42., 41., 42., 42., 42., 41., 41., 42., 43., 42., 42., 42., 42., 41., 42., 42., 42., 42., 41., 41., 42., 42., 42., 41., 42., 42., 42., 42., 41., 42., 42., 42., 42., 42., 41., 41., 42., 42., 41., 42., 42., 42., 42.}",""
96,104,"stage3_unit2/relu3","stage3_unit3/conv2",8,"stage3_unit2/relu3-stage3_unit2/conv3-stage3_unit2/_plus_stage3_unit2-stage3_unit3/bn1-stage3_unit3/relu1-stage3_unit3/conv1-stage3_unit3/bn2-stage3_unit3/relu2-stage3_unit3/conv2","Elementwise","Convolution","List-List-List-List-List-List-List-List-List",41.,42.,59.,801.,810.4667000000001,993.,"","","","","","","","","","{59., 46., 44., 43., 43., 42., 42., 42., 55., 44., 42., 42., 42., 42., 42., 42., 41., 41., 41., 42., 42., 42., 42., 42., 42., 42., 42., 42., 42., 42., 42., 41., 42., 42., 42., 42., 41., 42., 42., 42., 43., 42., 41., 41., 42., 42., 42., 41., 42., 42.}","{993., 881., 807., 807., 820., 804., 804., 802., 814., 806., 801., 803., 890., 887., 804., 801., 803., 803., 820., 807., 804., 801., 805., 826., 882., 894., 810., 806., 828., 807., 808., 808., 807., 819., 802., 803., 860., 902., 819., 807., 804., 805., 816., 806., 806., 807., 807., 820., 854., 918.}",""
97,105,"stage3_unit2/conv3","stage3_unit3/bn3",8,"stage3_unit2/conv3-stage3_unit2/_plus_stage3_unit2-stage3_unit3/bn1-stage3_unit3/relu1-stage3_unit3/conv1-stage3_unit3/bn2-stage3_unit3/relu2-stage3_unit3/conv2-stage3_unit3/bn3","Convolution","BatchNormalization","List-List-List-List-List-List-List-List-List",203.,204.4,281.,48.,49.,71.,"","","","","","","","","","{281., 215., 210., 206., 205., 205., 221., 206., 204., 204., 207., 204., 203., 204., 203., 204., 203., 203., 203., 242., 230., 229., 229., 229., 229., 205., 204., 204., 204., 205., 203., 204., 203., 204., 203., 205., 203., 204., 203., 204., 203., 203., 203., 203., 216., 205., 203., 204., 203., 203.}","{71., 54., 51., 51., 50., 49., 49., 49., 49., 49., 49., 50., 49., 50., 49., 49., 49., 49., 62., 50., 49., 49., 49., 50., 49., 49., 49., 49., 49., 49., 49., 49., 49., 49., 49., 49., 49., 49., 49., 49., 49., 49., 48., 49., 49., 49., 49., 49., 49., 49.}",""
98,106,"stage3_unit2/_plus_stage3_unit2","stage3_unit3/relu3",8,"stage3_unit2/_plus_stage3_unit2-stage3_unit3/bn1-stage3_unit3/relu1-stage3_unit3/conv1-stage3_unit3/bn2-stage3_unit3/relu2-stage3_unit3/conv2-stage3_unit3/bn3-stage3_unit3/relu3","Threading","Elementwise","List-List-List-List-List-List-List-List-List",124.,125.10000000000001,164.,41.,41.9667,63.,1407.,1428.2333,1719.,1283.,1303.1333,1555.,1366.,1386.2667000000001,1656.,"{164., 154., 128., 125., 126., 125., 125., 125., 125., 125., 125., 125., 125., 125., 125., 125., 126., 125., 125., 125., 125., 125., 126., 125., 125., 125., 125., 125., 136., 126., 125., 124., 125., 125., 133., 126., 125., 125., 125., 125., 125., 126., 125., 144., 129., 125., 125., 125., 125., 124.}","{63., 47., 43., 43., 42., 42., 42., 41., 41., 42., 42., 42., 42., 42., 42., 42., 41., 41., 42., 42., 42., 42., 42., 42., 42., 42., 42., 42., 42., 42., 42., 42., 42., 41., 41., 42., 42., 42., 42., 42., 42., 41., 41., 42., 42., 41., 41., 42., 42., 41.}","{1719., 1453., 1434., 1410., 1426., 1410., 1463., 1528., 1410., 1410., 1427., 1410., 1410., 1488., 1499., 1421., 1410., 1407., 1424., 1413., 1481., 1505., 1411., 1409., 1432., 1411., 1409., 1502., 1477., 1424., 1411., 1411., 1423., 1409., 1502., 1485., 1413., 1412., 1434., 1410., 1410., 1521., 1460., 1425., 1412., 1411., 1425., 1420., 1525., 1463.}"
99,107,"stage3_unit3/bn1","stage3_unit3/conv3",8,"stage3_unit3/bn1-stage3_unit3/relu1-stage3_unit3/conv1-stage3_unit3/bn2-stage3_unit3/relu2-stage3_unit3/conv2-stage3_unit3/bn3-stage3_unit3/relu3-stage3_unit3/conv3","BatchNormalization","Convolution","List-List-List-List-List-List-List-List-List",117.,118.1333,144.,203.,220.10000000000002,358.,1498.,1516.5667,1700.,1381.,1398.4333000000001,1556.,1295.,1296.4667000000002,1342.,"{144., 125., 120., 119., 118., 118., 118., 118., 118., 118., 118., 118., 119., 119., 118., 118., 118., 118., 119., 118., 118., 118., 118., 118., 118., 118., 118., 118., 118., 118., 129., 118., 118., 118., 118., 118., 118., 119., 119., 117., 118., 118., 118., 118., 119., 119., 118., 119., 118., 119.}","{291., 213., 207., 206., 204., 204., 205., 245., 232., 231., 231., 229., 245., 206., 205., 205., 205., 204., 204., 204., 205., 204., 205., 204., 203., 203., 204., 205., 205., 204., 203., 205., 207., 204., 209., 351., 339., 342., 342., 339., 345., 353., 347., 339., 358., 291., 205., 238., 231., 229.}","{1668., 1544., 1700., 1506., 1505., 1517., 1503., 1498., 1626., 1554., 1518., 1517., 1502., 1518., 1501., 1691., 1502., 1500., 1516., 1505., 1505., 1627., 1544., 1534., 1503., 1502., 1517., 1503., 1676., 1504., 1501., 1531., 1505., 1498., 1626., 1560., 1518., 1502., 1505., 1516., 1508., 1687., 1505., 1502., 1521., 1505., 1501., 1630., 1549., 1519.}"
100,108,"stage3_unit3/relu1","stage3_unit3/_plus_stage3_unit3",8,"stage3_unit3/relu1-stage3_unit3/conv1-stage3_unit3/bn2-stage3_unit3/relu2-stage3_unit3/conv2-stage3_unit3/bn3-stage3_unit3/relu3-stage3_unit3/conv3-stage3_unit3/_plus_stage3_unit3","Elementwise","Threading","List-List-List-List-List-List-List-List-List",100.,100.9667,123.,121.,123.6667,156.,"","","","","","","","","","{123., 119., 102., 101., 101., 100., 101., 100., 101., 100., 116., 101., 101., 101., 102., 101., 101., 101., 100., 101., 100., 101., 101., 101., 101., 100., 100., 101., 101., 101., 101., 100., 101., 101., 101., 101., 100., 108., 101., 100., 101., 101., 101., 101., 102., 101., 102., 100., 101., 113.}","{156., 132., 127., 128., 127., 127., 127., 127., 126., 127., 127., 127., 127., 127., 127., 126., 126., 136., 123., 122., 123., 122., 121., 122., 122., 121., 122., 122., 121., 122., 122., 122., 121., 122., 121., 122., 121., 121., 122., 130., 122., 122., 122., 122., 122., 123., 122., 122., 121., 136.}",""
101,109,"stage3_unit3/conv1","stage3_unit4/bn1",8,"stage3_unit3/conv1-stage3_unit3/bn2-stage3_unit3/relu2-stage3_unit3/conv2-stage3_unit3/bn3-stage3_unit3/relu3-stage3_unit3/conv3-stage3_unit3/_plus_stage3_unit3-stage3_unit4/bn1","Convolution","BatchNormalization","List-List-List-List-List-List-List-List-List",228.,230.13330000000002,319.,117.,118.,144.,"","","","","","","","","","{319., 236., 231., 230., 229., 230., 229., 230., 241., 231., 228., 228., 276., 262., 257., 255., 246., 229., 228., 228., 228., 228., 228., 228., 228., 244., 231., 240., 229., 241., 228., 229., 228., 229., 237., 228., 229., 228., 229., 229., 228., 228., 242., 231., 234., 228., 229., 228., 229., 228.}","{144., 126., 119., 119., 118., 118., 118., 118., 118., 118., 118., 118., 118., 118., 118., 117., 118., 117., 132., 119., 118., 118., 118., 117., 118., 118., 118., 119., 118., 117., 118., 118., 119., 118., 118., 119., 117., 118., 117., 117., 118., 118., 117., 117., 118., 117., 118., 119., 118., 118.}",""
102,110,"stage3_unit3/bn2","stage3_unit4/relu1",8,"stage3_unit3/bn2-stage3_unit3/relu2-stage3_unit3/conv2-stage3_unit3/bn3-stage3_unit3/relu3-stage3_unit3/conv3-stage3_unit3/_plus_stage3_unit3-stage3_unit4/bn1-stage3_unit4/relu1","BatchNormalization","Elementwise","List-List-List-List-List-List-List-List-List",49.,49.2333,72.,100.,100.83330000000001,118.,"","","","","","","","","","{72., 54., 51., 50., 61., 50., 49., 50., 49., 49., 50., 50., 49., 49., 49., 49., 50., 49., 50., 49., 49., 49., 49., 49., 49., 50., 49., 49., 49., 49., 49., 50., 49., 50., 49., 50., 49., 49., 49., 49., 50., 49., 49., 50., 49., 49., 49., 49., 49., 49.}","{118., 105., 101., 102., 101., 101., 101., 103., 101., 102., 100., 101., 101., 101., 100., 101., 100., 100., 102., 100., 101., 100., 101., 102., 101., 101., 101., 113., 101., 101., 101., 100., 101., 100., 101., 101., 100., 100., 101., 101., 100., 100., 101., 100., 100., 101., 100., 101., 102., 101.}",""
103,111,"stage3_unit3/relu2","stage3_unit4/conv1",8,"stage3_unit3/relu2-stage3_unit3/conv2-stage3_unit3/bn3-stage3_unit3/relu3-stage3_unit3/conv3-stage3_unit3/_plus_stage3_unit3-stage3_unit4/bn1-stage3_unit4/relu1-stage3_unit4/conv1","Elementwise","Convolution","List-List-List-List-List-List-List-List-List",41.,42.,59.,227.,229.4,312.,"","","","","","","","","","{59., 46., 43., 43., 43., 42., 42., 42., 42., 42., 42., 42., 42., 42., 41., 42., 42., 42., 42., 42., 41., 42., 42., 42., 42., 42., 42., 42., 41., 41., 42., 42., 41., 41., 42., 42., 41., 42., 42., 41., 55., 43., 43., 42., 42., 42., 42., 41., 42., 42.}","{312., 236., 231., 230., 229., 229., 229., 228., 228., 227., 235., 270., 258., 256., 261., 264., 243., 230., 229., 229., 229., 230., 229., 228., 229., 229., 229., 228., 229., 229., 228., 229., 228., 247., 230., 237., 229., 228., 229., 228., 230., 229., 228., 229., 229., 229., 229., 228., 229., 229.}",""
104,112,"stage3_unit3/conv2","stage3_unit4/bn2",8,"stage3_unit3/conv2-stage3_unit3/bn3-stage3_unit3/relu3-stage3_unit3/conv3-stage3_unit3/_plus_stage3_unit3-stage3_unit4/bn1-stage3_unit4/relu1-stage3_unit4/conv1-stage3_unit4/bn2","Convolution","BatchNormalization","List-List-List-List-List-List-List-List-List",803.,811.7667,939.,48.,49.300000000000004,74.,"","","","","","","","","","{939., 838., 810., 822., 807., 804., 804., 918., 886., 810., 806., 806., 806., 820., 807., 806., 803., 803., 825., 911., 860., 807., 808., 828., 810., 807., 805., 821., 807., 804., 806., 896., 888., 808., 808., 808., 807., 821., 810., 808., 809., 809., 818., 884., 885., 806., 808., 821., 809., 808.}","{74., 54., 51., 50., 49., 49., 50., 50., 49., 50., 50., 49., 49., 50., 49., 50., 50., 49., 49., 50., 50., 49., 48., 49., 49., 49., 49., 49., 50., 49., 49., 49., 49., 49., 49., 50., 49., 49., 49., 50., 50., 49., 50., 49., 49., 49., 49., 49., 49., 50.}",""
105,113,"stage3_unit3/bn3","stage3_unit4/relu2",8,"stage3_unit3/bn3-stage3_unit3/relu3-stage3_unit3/conv3-stage3_unit3/_plus_stage3_unit3-stage3_unit4/bn1-stage3_unit4/relu1-stage3_unit4/conv1-stage3_unit4/bn2-stage3_unit4/relu2","BatchNormalization","Elementwise","List-List-List-List-List-List-List-List-List",49.,49.066700000000004,73.,41.,42.133300000000006,62.,"","","","","","","","","","{73., 54., 51., 50., 49., 49., 50., 49., 50., 49., 49., 49., 50., 49., 49., 49., 49., 49., 49., 49., 50., 49., 49., 49., 61., 49., 49., 50., 49., 49., 49., 49., 49., 49., 49., 50., 49., 49., 50., 49., 49., 49., 49., 49., 49., 49., 49., 49., 49., 49.}","{62., 46., 44., 43., 43., 43., 42., 43., 42., 43., 42., 42., 42., 42., 42., 42., 42., 42., 42., 43., 51., 44., 43., 42., 42., 42., 42., 42., 41., 42., 42., 42., 42., 42., 42., 42., 42., 42., 42., 42., 42., 42., 41., 43., 42., 42., 42., 43., 42., 42.}",""
106,114,"stage3_unit3/relu3","stage3_unit4/conv2",8,"stage3_unit3/relu3-stage3_unit3/conv3-stage3_unit3/_plus_stage3_unit3-stage3_unit4/bn1-stage3_unit4/relu1-stage3_unit4/conv1-stage3_unit4/bn2-stage3_unit4/relu2-stage3_unit4/conv2","Elementwise","Convolution","List-List-List-List-List-List-List-List-List",41.,42.,61.,803.,810.7333,922.,"","","","","","","","","","{61., 46., 43., 42., 43., 42., 43., 42., 42., 41., 42., 42., 42., 42., 42., 42., 42., 42., 42., 42., 42., 42., 42., 42., 42., 42., 42., 42., 42., 42., 42., 42., 42., 42., 42., 42., 42., 41., 42., 42., 41., 42., 42., 42., 41., 42., 41., 41., 41., 42.}","{910., 822., 828., 811., 806., 804., 818., 822., 922., 850., 805., 816., 807., 806., 805., 805., 816., 806., 805., 804., 900., 892., 805., 805., 804., 805., 818., 805., 803., 803., 803., 818., 889., 881., 807., 809., 820., 809., 807., 808., 808., 815., 807., 808., 878., 906., 815., 809., 807., 807.}",""
107,115,"stage3_unit3/conv3","stage3_unit4/bn3",8,"stage3_unit3/conv3-stage3_unit3/_plus_stage3_unit3-stage3_unit4/bn1-stage3_unit4/relu1-stage3_unit4/conv1-stage3_unit4/bn2-stage3_unit4/relu2-stage3_unit4/conv2-stage3_unit4/bn3","Convolution","BatchNormalization","List-List-List-List-List-List-List-List-List",202.,204.0667,284.,48.,48.900000000000006,70.,"","","","","","","","","","{284., 213., 239., 233., 230., 230., 230., 222., 204., 203., 203., 208., 203., 204., 203., 204., 203., 218., 207., 205., 204., 204., 203., 203., 205., 204., 203., 204., 202., 204., 204., 203., 204., 203., 205., 204., 204., 217., 204., 204., 204., 203., 203., 203., 204., 203., 203., 203., 203., 204.}","{70., 53., 57., 50., 49., 49., 49., 49., 49., 49., 49., 49., 49., 49., 49., 49., 49., 48., 49., 49., 48., 49., 49., 49., 49., 49., 49., 48., 48., 49., 48., 49., 49., 48., 48., 49., 48., 49., 49., 48., 48., 49., 48., 48., 49., 49., 48., 49., 49., 49.}",""
108,116,"stage3_unit3/_plus_stage3_unit3","stage3_unit4/relu3",8,"stage3_unit3/_plus_stage3_unit3-stage3_unit4/bn1-stage3_unit4/relu1-stage3_unit4/conv1-stage3_unit4/bn2-stage3_unit4/relu2-stage3_unit4/conv2-stage3_unit4/bn3-stage3_unit4/relu3","Threading","Elementwise","List-List-List-List-List-List-List-List-List",125.,125.2,164.,41.,42.,62.,1404.,1419.9667000000002,1618.,1279.,1294.7667000000001,1454.,1363.,1377.9667000000002,1556.,"{164., 152., 127., 126., 125., 126., 125., 134., 125., 126., 125., 126., 126., 126., 125., 125., 125., 133., 125., 125., 125., 125., 126., 125., 125., 125., 125., 126., 125., 126., 125., 125., 125., 125., 125., 125., 125., 125., 125., 125., 125., 125., 125., 125., 125., 125., 125., 125., 136., 126.}","{62., 46., 43., 43., 42., 42., 42., 42., 42., 42., 42., 42., 42., 42., 42., 42., 42., 51., 47., 42., 42., 42., 42., 42., 41., 42., 42., 42., 42., 42., 42., 42., 42., 43., 42., 42., 42., 42., 42., 42., 42., 42., 42., 42., 42., 42., 57., 42., 42., 42.}","{1618., 1461., 1417., 1447., 1527., 1453., 1421., 1407., 1404., 1424., 1409., 1528., 1459., 1406., 1404., 1417., 1408., 1422., 1537., 1425., 1425., 1413., 1409., 1425., 1409., 1559., 1439., 1409., 1426., 1411., 1409., 1420., 1563., 1407., 1428., 1406., 1409., 1424., 1406., 1564., 1419., 1408., 1421., 1407., 1406., 1420., 1563., 1408., 1424., 1405.}"
109,117,"stage3_unit4/bn1","stage3_unit4/conv3",8,"stage3_unit4/bn1-stage3_unit4/relu1-stage3_unit4/conv1-stage3_unit4/bn2-stage3_unit4/relu2-stage3_unit4/conv2-stage3_unit4/bn3-stage3_unit4/relu3-stage3_unit4/conv3","BatchNormalization","Convolution","List-List-List-List-List-List-List-List-List",118.,119.4667,144.,203.,205.8,281.,1501.,1518.2,1756.,1383.,1398.7333,1612.,1298.,1312.4,1475.,"{144., 126., 121., 120., 120., 120., 120., 119., 119., 119., 119., 120., 119., 120., 119., 119., 119., 120., 119., 132., 120., 118., 119., 119., 119., 127., 121., 119., 120., 119., 119., 120., 121., 120., 119., 120., 119., 119., 119., 119., 119., 120., 118., 119., 119., 120., 119., 120., 120., 120.}","{281., 212., 208., 205., 206., 204., 223., 207., 204., 205., 204., 204., 249., 230., 206., 205., 204., 204., 204., 204., 204., 208., 203., 204., 204., 218., 205., 204., 204., 205., 203., 206., 204., 203., 203., 203., 203., 203., 211., 246., 229., 229., 229., 242., 218., 206., 204., 205., 204., 203.}","{1756., 1559., 1514., 1501., 1528., 1504., 1672., 1517., 1506., 1523., 1504., 1504., 1590., 1615., 1520., 1507., 1506., 1520., 1504., 1662., 1524., 1509., 1517., 1506., 1507., 1577., 1617., 1523., 1508., 1508., 1523., 1508., 1662., 1517., 1505., 1521., 1503., 1503., 1577., 1625., 1519., 1507., 1506., 1522., 1509., 1670., 1518., 1504., 1516., 1507.}"
110,118,"stage3_unit4/relu1","stage3_unit4/_plus_stage3_unit4",8,"stage3_unit4/relu1-stage3_unit4/conv1-stage3_unit4/bn2-stage3_unit4/relu2-stage3_unit4/conv2-stage3_unit4/bn3-stage3_unit4/relu3-stage3_unit4/conv3-stage3_unit4/_plus_stage3_unit4","Elementwise","Threading","List-List-List-List-List-List-List-List-List",99.,100.2667,123.,121.,123.9667,155.,"","","","","","","","","","{123., 114., 101., 101., 101., 101., 101., 101., 101., 100., 101., 100., 100., 115., 102., 101., 100., 100., 100., 100., 111., 101., 101., 100., 100., 100., 100., 100., 100., 100., 100., 100., 100., 100., 100., 100., 99., 101., 100., 100., 100., 100., 99., 100., 100., 100., 101., 100., 100., 100.}","{155., 134., 127., 127., 127., 127., 127., 126., 127., 127., 126., 126., 127., 126., 127., 126., 126., 127., 126., 126., 130., 123., 122., 122., 122., 122., 130., 123., 122., 123., 122., 122., 122., 121., 123., 122., 122., 123., 122., 122., 122., 122., 122., 122., 123., 122., 123., 122., 122., 122.}",""
111,119,"stage3_unit4/conv1","stage3_unit5/bn1",8,"stage3_unit4/conv1-stage3_unit4/bn2-stage3_unit4/relu2-stage3_unit4/conv2-stage3_unit4/bn3-stage3_unit4/relu3-stage3_unit4/conv3-stage3_unit4/_plus_stage3_unit4-stage3_unit5/bn1","Convolution","BatchNormalization","List-List-List-List-List-List-List-List-List",225.,231.8333,318.,117.,118.33330000000001,145.,"","","","","","","","","","{318., 235., 227., 226., 225., 273., 253., 252., 252., 244., 250., 230., 231., 230., 230., 231., 230., 230., 230., 230., 230., 231., 235., 230., 229., 230., 231., 246., 233., 230., 231., 230., 230., 230., 230., 230., 230., 231., 229., 230., 230., 231., 235., 230., 245., 231., 229., 271., 258., 257.}","{145., 128., 121., 119., 119., 119., 119., 119., 119., 119., 118., 118., 119., 118., 118., 118., 118., 119., 119., 132., 119., 119., 118., 118., 119., 119., 118., 118., 118., 118., 119., 117., 118., 118., 118., 118., 118., 118., 118., 118., 118., 119., 117., 118., 118., 118., 117., 118., 118., 118.}",""
112,120,"stage3_unit4/bn2","stage3_unit5/relu1",8,"stage3_unit4/bn2-stage3_unit4/relu2-stage3_unit4/conv2-stage3_unit4/bn3-stage3_unit4/relu3-stage3_unit4/conv3-stage3_unit4/_plus_stage3_unit4-stage3_unit5/bn1-stage3_unit5/relu1","BatchNormalization","Elementwise","List-List-List-List-List-List-List-List-List",48.,48.800000000000004,70.,99.,100.2,119.,"","","","","","","","","","{70., 53., 50., 50., 49., 60., 51., 50., 49., 49., 48., 48., 49., 49., 49., 48., 49., 48., 49., 49., 48., 48., 48., 48., 48., 48., 49., 49., 49., 49., 49., 49., 49., 49., 49., 49., 48., 48., 48., 48., 49., 49., 49., 48., 48., 49., 49., 49., 49., 49.}","{119., 103., 101., 101., 101., 101., 101., 101., 100., 100., 99., 100., 100., 101., 99., 100., 101., 100., 100., 100., 99., 101., 100., 100., 99., 100., 100., 100., 113., 100., 100., 100., 100., 100., 99., 109., 101., 100., 101., 100., 100., 100., 100., 101., 100., 99., 100., 100., 100., 100.}",""
113,121,"stage3_unit4/relu2","stage3_unit5/conv1",8,"stage3_unit4/relu2-stage3_unit4/conv2-stage3_unit4/bn3-stage3_unit4/relu3-stage3_unit4/conv3-stage3_unit4/_plus_stage3_unit4-stage3_unit5/bn1-stage3_unit5/relu1-stage3_unit5/conv1","Elementwise","Convolution","List-List-List-List-List-List-List-List-List",41.,42.,60.,228.,230.5,325.,"","","","","","","","","","{60., 46., 43., 42., 43., 42., 42., 42., 43., 42., 42., 42., 42., 42., 42., 42., 42., 41., 42., 41., 42., 41., 41., 41., 42., 42., 42., 42., 42., 42., 42., 42., 42., 42., 42., 42., 42., 42., 41., 41., 42., 42., 42., 42., 48., 42., 42., 41., 42., 42.}","{325., 237., 230., 267., 258., 257., 256., 272., 228., 229., 228., 229., 229., 229., 228., 229., 240., 231., 228., 229., 229., 229., 234., 228., 228., 229., 229., 228., 229., 228., 228., 229., 231., 228., 243., 230., 228., 228., 228., 228., 228., 228., 237., 230., 228., 228., 279., 257., 257., 256.}",""
114,122,"stage3_unit4/conv2","stage3_unit5/bn2",8,"stage3_unit4/conv2-stage3_unit4/bn3-stage3_unit4/relu3-stage3_unit4/conv3-stage3_unit4/_plus_stage3_unit4-stage3_unit5/bn1-stage3_unit5/relu1-stage3_unit5/conv1-stage3_unit5/bn2","Convolution","BatchNormalization","List-List-List-List-List-List-List-List-List",803.,812.8000000000001,931.,48.,49.066700000000004,73.,"","","","","","","","","","{931., 842., 812., 828., 865., 916., 806., 808., 825., 809., 807., 805., 805., 817., 807., 803., 848., 910., 833., 808., 807., 804., 805., 818., 817., 804., 805., 805., 845., 914., 831., 805., 819., 805., 803., 805., 804., 822., 810., 810., 810., 924., 861., 807., 805., 805., 804., 824., 809., 810.}","{73., 55., 51., 50., 49., 49., 50., 49., 49., 49., 49., 49., 49., 49., 50., 50., 49., 49., 49., 48., 50., 49., 49., 49., 49., 50., 49., 49., 49., 49., 49., 49., 48., 49., 49., 49., 50., 49., 48., 49., 49., 50., 49., 48., 49., 50., 49., 49., 49., 49.}",""
115,123,"stage3_unit4/bn3","stage3_unit5/relu2",8,"stage3_unit4/bn3-stage3_unit4/relu3-stage3_unit4/conv3-stage3_unit4/_plus_stage3_unit4-stage3_unit5/bn1-stage3_unit5/relu1-stage3_unit5/conv1-stage3_unit5/bn2-stage3_unit5/relu2","BatchNormalization","Elementwise","List-List-List-List-List-List-List-List-List",48.,49.,73.,39.,39.2333,58.,"","","","","","","","","","{73., 53., 50., 50., 50., 49., 49., 48., 48., 49., 49., 49., 49., 49., 49., 49., 49., 49., 49., 49., 49., 49., 49., 49., 49., 49., 63., 50., 49., 49., 49., 49., 49., 49., 49., 49., 49., 49., 49., 48., 48., 49., 49., 49., 49., 49., 49., 49., 48., 48.}","{58., 43., 40., 39., 39., 40., 40., 39., 40., 39., 40., 39., 39., 39., 39., 39., 39., 39., 40., 39., 40., 39., 40., 39., 39., 54., 39., 40., 40., 39., 40., 39., 39., 39., 39., 39., 40., 39., 39., 39., 40., 39., 39., 39., 39., 40., 39., 39., 39., 39.}",""
116,124,"stage3_unit4/relu3","stage3_unit5/conv2",8,"stage3_unit4/relu3-stage3_unit4/conv3-stage3_unit4/_plus_stage3_unit4-stage3_unit5/bn1-stage3_unit5/relu1-stage3_unit5/conv1-stage3_unit5/bn2-stage3_unit5/relu2-stage3_unit5/conv2","Elementwise","Convolution","List-List-List-List-List-List-List-List-List",38.,39.,56.,801.,811.9333,916.,"","","","","","","","","","{56., 43., 40., 40., 40., 39., 40., 39., 39., 39., 39., 39., 39., 39., 39., 39., 39., 39., 38., 39., 38., 38., 39., 39., 39., 39., 38., 38., 39., 39., 39., 39., 38., 38., 39., 39., 39., 39., 39., 39., 39., 39., 38., 38., 38., 39., 39., 39., 39., 39.}","{908., 819., 820., 804., 803., 801., 897., 879., 803., 801., 801., 801., 818., 803., 801., 818., 807., 822., 884., 884., 807., 807., 832., 812., 810., 805., 807., 830., 807., 806., 877., 916., 807., 804., 805., 806., 824., 810., 808., 808., 809., 820., 870., 907., 809., 807., 822., 809., 810., 809.}",""
117,125,"stage3_unit4/conv3","stage3_unit5/bn3",8,"stage3_unit4/conv3-stage3_unit4/_plus_stage3_unit4-stage3_unit5/bn1-stage3_unit5/relu1-stage3_unit5/conv1-stage3_unit5/bn2-stage3_unit5/relu2-stage3_unit5/conv2-stage3_unit5/bn3","Convolution","BatchNormalization","List-List-List-List-List-List-List-List-List",205.,206.4667,319.,50.,50.7667,74.,"","","","","","","","","","{319., 234., 211., 207., 208., 205., 206., 206., 206., 205., 206., 206., 205., 205., 206., 206., 205., 205., 205., 206., 220., 208., 210., 206., 206., 205., 205., 205., 206., 206., 206., 205., 206., 206., 205., 206., 206., 206., 206., 221., 208., 206., 214., 255., 232., 231., 231., 229., 206., 206.}","{74., 56., 52., 51., 52., 51., 51., 51., 52., 51., 50., 50., 50., 50., 51., 51., 51., 51., 51., 50., 50., 50., 50., 51., 51., 51., 50., 50., 51., 50., 50., 51., 51., 51., 51., 50., 50., 51., 51., 51., 50., 50., 51., 50., 51., 51., 51., 51., 51., 51.}",""
118,126,"stage3_unit4/_plus_stage3_unit4","stage3_unit5/relu3",8,"stage3_unit4/_plus_stage3_unit4-stage3_unit5/bn1-stage3_unit5/relu1-stage3_unit5/conv1-stage3_unit5/bn2-stage3_unit5/relu2-stage3_unit5/conv2-stage3_unit5/bn3-stage3_unit5/relu3","Threading","Elementwise","List-List-List-List-List-List-List-List-List",126.,126.9,167.,43.,43.633300000000006,65.,1408.,1422.8667,1615.,1282.,1295.9667000000002,1448.,1365.,1379.2333,1550.,"{167., 157., 129., 127., 128., 127., 126., 127., 127., 127., 127., 126., 127., 127., 126., 127., 127., 126., 139., 128., 127., 127., 126., 127., 126., 127., 126., 127., 126., 126., 127., 127., 126., 127., 127., 127., 127., 127., 127., 126., 127., 126., 127., 127., 127., 127., 126., 127., 127., 136.}","{65., 48., 44., 44., 44., 44., 43., 44., 43., 44., 43., 43., 44., 44., 43., 43., 44., 44., 44., 43., 44., 44., 43., 43., 43., 43., 44., 44., 44., 44., 43., 44., 43., 43., 43., 44., 43., 44., 43., 43., 44., 43., 56., 44., 44., 44., 43., 44., 43., 44.}","{1615., 1469., 1425., 1596., 1419., 1413., 1429., 1420., 1409., 1425., 1583., 1410., 1419., 1409., 1414., 1420., 1414., 1570., 1412., 1409., 1430., 1420., 1413., 1458., 1531., 1410., 1422., 1411., 1426., 1411., 1455., 1545., 1412., 1409., 1425., 1412., 1408., 1479., 1513., 1418., 1415., 1410., 1428., 1412., 1478., 1516., 1409., 1410., 1426., 1413.}"
119,127,"stage3_unit5/bn1","stage3_unit5/conv3",8,"stage3_unit5/bn1-stage3_unit5/relu1-stage3_unit5/conv1-stage3_unit5/bn2-stage3_unit5/relu2-stage3_unit5/conv2-stage3_unit5/bn3-stage3_unit5/relu3-stage3_unit5/conv3","BatchNormalization","Convolution","List-List-List-List-List-List-List-List-List",120.,120.9,147.,205.,206.8,292.,1500.,1520.3000000000002,1652.,1380.,1399.4,1505.,1295.,1313.5,1360.,"{147., 128., 122., 122., 122., 122., 121., 133., 128., 121., 121., 121., 120., 121., 121., 121., 121., 136., 122., 121., 121., 120., 120., 121., 120., 121., 120., 120., 121., 121., 121., 120., 121., 120., 120., 120., 121., 120., 120., 121., 121., 121., 121., 121., 121., 121., 121., 120., 121., 121.}","{292., 215., 210., 208., 207., 207., 221., 208., 206., 205., 207., 205., 206., 206., 205., 206., 206., 205., 206., 206., 206., 206., 206., 206., 205., 219., 208., 206., 231., 233., 231., 232., 231., 242., 206., 206., 206., 206., 206., 206., 205., 205., 205., 219., 208., 206., 206., 206., 205., 206.}","{1652., 1556., 1518., 1504., 1565., 1626., 1513., 1504., 1504., 1519., 1500., 1627., 1545., 1505., 1517., 1514., 1507., 1551., 1631., 1515., 1507., 1505., 1526., 1506., 1631., 1545., 1504., 1519., 1506., 1504., 1558., 1632., 1517., 1506., 1505., 1519., 1508., 1631., 1543., 1507., 1519., 1504., 1508., 1563., 1650., 1513., 1508., 1508., 1520., 1511.}"
120,128,"stage3_unit5/relu1","stage3_unit5/_plus_stage3_unit5",8,"stage3_unit5/relu1-stage3_unit5/conv1-stage3_unit5/bn2-stage3_unit5/relu2-stage3_unit5/conv2-stage3_unit5/bn3-stage3_unit5/relu3-stage3_unit5/conv3-stage3_unit5/_plus_stage3_unit5","Elementwise","Threading","List-List-List-List-List-List-List-List-List",101.,102.2333,137.,126.,127.06670000000001,155.,"","","","","","","","","","{137., 116., 104., 104., 103., 102., 103., 103., 102., 103., 103., 102., 115., 103., 103., 102., 102., 102., 102., 102., 103., 102., 103., 103., 103., 102., 102., 102., 103., 103., 102., 101., 102., 101., 102., 101., 101., 102., 101., 101., 102., 101., 102., 101., 102., 102., 101., 101., 102., 101.}","{155., 135., 127., 128., 127., 127., 127., 127., 127., 136., 128., 128., 127., 127., 126., 127., 128., 127., 139., 127., 127., 127., 127., 127., 127., 128., 128., 127., 127., 128., 127., 127., 127., 127., 127., 126., 127., 126., 127., 127., 127., 127., 127., 127., 127., 127., 127., 127., 127., 136.}",""
121,129,"stage3_unit5/conv1","stage3_unit6/bn1",8,"stage3_unit5/conv1-stage3_unit5/bn2-stage3_unit5/relu2-stage3_unit5/conv2-stage3_unit5/bn3-stage3_unit5/relu3-stage3_unit5/conv3-stage3_unit5/_plus_stage3_unit5-stage3_unit6/bn1","Convolution","BatchNormalization","List-List-List-List-List-List-List-List-List",229.,231.9,321.,118.,119.,144.,"","","","","","","","","","{321., 239., 234., 231., 234., 232., 232., 231., 230., 246., 231., 231., 231., 231., 232., 231., 229., 232., 231., 232., 230., 232., 231., 231., 231., 231., 246., 232., 236., 231., 230., 230., 230., 230., 229., 230., 233., 257., 261., 259., 258., 258., 258., 231., 231., 231., 239., 230., 231., 230.}","{144., 127., 123., 119., 120., 119., 119., 119., 120., 119., 118., 119., 119., 119., 119., 119., 119., 119., 129., 119., 119., 119., 119., 119., 119., 118., 118., 119., 118., 119., 119., 118., 118., 119., 118., 119., 118., 118., 119., 118., 129., 120., 119., 118., 120., 120., 119., 119., 120., 119.}",""
122,130,"stage3_unit5/bn2","stage3_unit6/relu1",8,"stage3_unit5/bn2-stage3_unit5/relu2-stage3_unit5/conv2-stage3_unit5/bn3-stage3_unit5/relu3-stage3_unit5/conv3-stage3_unit5/_plus_stage3_unit5-stage3_unit6/bn1-stage3_unit6/relu1","BatchNormalization","Elementwise","List-List-List-List-List-List-List-List-List",50.,50.3333,72.,101.,102.,120.,"","","","","","","","","","{72., 70., 53., 52., 51., 50., 51., 51., 51., 50., 51., 50., 50., 51., 50., 50., 50., 51., 50., 50., 50., 50., 51., 50., 51., 50., 51., 50., 51., 50., 50., 50., 51., 50., 50., 50., 50., 51., 50., 51., 50., 51., 50., 51., 50., 50., 50., 50., 50., 50.}","{120., 106., 103., 103., 102., 102., 102., 102., 101., 102., 103., 102., 102., 108., 102., 102., 102., 102., 102., 101., 103., 102., 102., 102., 102., 114., 102., 102., 101., 102., 102., 102., 101., 102., 102., 101., 102., 102., 102., 102., 102., 101., 102., 101., 102., 101., 102., 102., 102., 102.}",""
123,131,"stage3_unit5/relu2","stage3_unit6/conv1",8,"stage3_unit5/relu2-stage3_unit5/conv2-stage3_unit5/bn3-stage3_unit5/relu3-stage3_unit5/conv3-stage3_unit5/_plus_stage3_unit5-stage3_unit6/bn1-stage3_unit6/relu1-stage3_unit6/conv1","Elementwise","Convolution","List-List-List-List-List-List-List-List-List",43.,43.300000000000004,62.,230.,231.9333,317.,"","","","","","","","","","{62., 47., 44., 44., 44., 44., 43., 44., 44., 44., 44., 43., 43., 43., 44., 43., 43., 43., 43., 44., 43., 44., 43., 43., 44., 43., 43., 43., 43., 43., 43., 44., 43., 43., 55., 43., 43., 43., 44., 43., 43., 43., 44., 43., 43., 44., 43., 43., 43., 43.}","{317., 238., 233., 238., 233., 232., 230., 231., 231., 231., 231., 230., 231., 231., 230., 245., 233., 231., 231., 230., 230., 230., 231., 231., 231., 231., 233., 231., 236., 230., 231., 232., 244., 232., 230., 260., 259., 259., 258., 268., 230., 230., 230., 231., 232., 231., 239., 230., 230., 245.}",""
124,132,"stage3_unit5/conv2","stage3_unit6/bn2",8,"stage3_unit5/conv2-stage3_unit5/bn3-stage3_unit5/relu3-stage3_unit5/conv3-stage3_unit5/_plus_stage3_unit5-stage3_unit6/bn1-stage3_unit6/relu1-stage3_unit6/conv1-stage3_unit6/bn2","Convolution","BatchNormalization","List-List-List-List-List-List-List-List-List",806.,812.3000000000001,936.,50.,50.8667,75.,"","","","","","","","","","{934., 892., 924., 825., 808., 806., 807., 809., 818., 807., 809., 807., 814., 839., 910., 839., 806., 820., 809., 807., 806., 806., 825., 811., 808., 807., 936., 864., 810., 809., 810., 807., 823., 810., 807., 806., 808., 818., 923., 855., 808., 819., 807., 810., 808., 810., 820., 811., 810., 808.}","{75., 65., 55., 52., 52., 51., 51., 51., 51., 51., 51., 51., 51., 51., 51., 51., 51., 51., 51., 51., 51., 51., 51., 50., 50., 50., 51., 51., 51., 51., 50., 51., 50., 50., 51., 51., 50., 50., 50., 51., 50., 50., 50., 50., 51., 51., 51., 51., 50., 51.}",""
125,133,"stage3_unit5/bn3","stage3_unit6/relu2",8,"stage3_unit5/bn3-stage3_unit5/relu3-stage3_unit5/conv3-stage3_unit5/_plus_stage3_unit5-stage3_unit6/bn1-stage3_unit6/relu1-stage3_unit6/conv1-stage3_unit6/bn2-stage3_unit6/relu2","BatchNormalization","Elementwise","List-List-List-List-List-List-List-List-List",50.,50.2333,75.,42.,43.300000000000004,62.,"","","","","","","","","","{75., 56., 53., 51., 51., 50., 51., 51., 50., 50., 51., 50., 50., 64., 51., 50., 50., 51., 50., 50., 51., 50., 50., 50., 50., 51., 50., 51., 50., 51., 50., 50., 50., 51., 50., 50., 50., 50., 50., 50., 50., 50., 50., 50., 51., 50., 50., 50., 50., 50.}","{62., 47., 45., 44., 43., 43., 43., 44., 49., 44., 44., 43., 43., 44., 43., 44., 43., 43., 43., 43., 43., 43., 43., 42., 50., 45., 44., 44., 43., 44., 43., 44., 43., 43., 43., 43., 44., 43., 43., 43., 43., 44., 43., 43., 43., 43., 43., 43., 44., 43.}",""
126,134,"stage3_unit5/relu3","stage3_unit6/conv2",8,"stage3_unit5/relu3-stage3_unit5/conv3-stage3_unit5/_plus_stage3_unit5-stage3_unit6/bn1-stage3_unit6/relu1-stage3_unit6/conv1-stage3_unit6/bn2-stage3_unit6/relu2-stage3_unit6/conv2","Elementwise","Convolution","List-List-List-List-List-List-List-List-List",43.,43.6667,61.,804.,811.8667,911.,"","","","","","","","","","{61., 48., 46., 44., 44., 44., 44., 44., 43., 43., 44., 44., 44., 43., 44., 44., 43., 44., 43., 44., 44., 44., 43., 44., 44., 44., 44., 44., 43., 43., 43., 43., 44., 43., 44., 43., 43., 44., 43., 44., 43., 44., 43., 43., 43., 44., 43., 44., 44., 43.}","{911., 843., 911., 871., 807., 806., 821., 809., 805., 808., 808., 820., 806., 805., 883., 896., 808., 807., 804., 806., 821., 807., 805., 807., 806., 821., 876., 907., 808., 805., 819., 806., 805., 805., 805., 822., 814., 809., 864., 910., 817., 810., 808., 807., 818., 811., 810., 809., 809., 823.}",""
127,135,"stage3_unit5/conv3","stage3_unit6/bn3",8,"stage3_unit5/conv3-stage3_unit5/_plus_stage3_unit5-stage3_unit6/bn1-stage3_unit6/relu1-stage3_unit6/conv1-stage3_unit6/bn2-stage3_unit6/relu2-stage3_unit6/conv2-stage3_unit6/bn3","Convolution","BatchNormalization","List-List-List-List-List-List-List-List-List",205.,206.5333,297.,50.,50.533300000000004,72.,"","","","","","","","","","{297., 216., 210., 207., 207., 206., 206., 207., 207., 206., 206., 206., 206., 205., 222., 208., 205., 207., 206., 206., 206., 205., 206., 206., 205., 205., 205., 238., 234., 232., 231., 231., 225., 210., 207., 207., 206., 206., 206., 206., 206., 205., 206., 206., 209., 206., 206., 206., 205., 206.}","{72., 56., 52., 51., 50., 51., 51., 51., 51., 51., 51., 50., 50., 50., 50., 50., 50., 51., 50., 50., 50., 51., 51., 50., 50., 51., 50., 50., 50., 51., 50., 51., 50., 51., 51., 50., 50., 51., 50., 51., 51., 51., 50., 51., 50., 51., 50., 50., 51., 62.}",""
128,136,"stage3_unit5/_plus_stage3_unit5","stage3_unit6/relu3",8,"stage3_unit5/_plus_stage3_unit5-stage3_unit6/bn1-stage3_unit6/relu1-stage3_unit6/conv1-stage3_unit6/bn2-stage3_unit6/relu2-stage3_unit6/conv2-stage3_unit6/bn3-stage3_unit6/relu3","Threading","Elementwise","List-List-List-List-List-List-List-List-List",126.,126.9,165.,43.,43.300000000000004,65.,1408.,1428.1000000000001,1648.,1282.,1301.2,1483.,1365.,1384.8,1583.,"{165., 149., 128., 126., 127., 127., 127., 127., 127., 127., 136., 127., 126., 126., 127., 127., 127., 127., 128., 127., 127., 126., 127., 127., 126., 126., 127., 127., 126., 127., 127., 126., 127., 126., 127., 126., 126., 127., 126., 127., 127., 133., 128., 127., 126., 127., 135., 127., 127., 127.}","{65., 48., 44., 44., 44., 43., 43., 43., 43., 43., 43., 43., 43., 43., 44., 43., 53., 45., 43., 43., 44., 43., 44., 43., 44., 44., 43., 43., 43., 43., 44., 44., 43., 44., 43., 44., 43., 43., 43., 43., 44., 43., 44., 43., 43., 43., 43., 44., 43., 43.}","{1648., 1603., 1422., 1431., 1413., 1421., 1413., 1459., 1531., 1411., 1409., 1427., 1420., 1410., 1477., 1509., 1410., 1424., 1410., 1428., 1411., 1473., 1516., 1412., 1410., 1426., 1414., 1409., 1495., 1492., 1421., 1414., 1409., 1426., 1408., 1489., 1488., 1411., 1412., 1422., 1409., 1408., 1514., 1482., 1424., 1414., 1411., 1426., 1410., 1515.}"
129,137,"stage3_unit6/bn1","stage3_unit6/conv3",8,"stage3_unit6/bn1-stage3_unit6/relu1-stage3_unit6/conv1-stage3_unit6/bn2-stage3_unit6/relu2-stage3_unit6/conv2-stage3_unit6/bn3-stage3_unit6/relu3-stage3_unit6/conv3","BatchNormalization","Convolution","List-List-List-List-List-List-List-List-List",119.,120.7333,148.,203.,204.66670000000002,290.,1499.,1743.9667000000002,3150.,1380.,1623.2333,3002.,1296.,1539.3000000000002,2860.,"{148., 128., 122., 122., 121., 121., 121., 121., 135., 122., 121., 120., 121., 121., 120., 121., 121., 120., 121., 121., 120., 121., 120., 121., 120., 120., 120., 121., 121., 121., 120., 120., 120., 121., 121., 120., 121., 121., 119., 120., 121., 130., 121., 120., 121., 121., 120., 120., 121., 120.}","{290., 212., 206., 205., 204., 204., 205., 204., 232., 231., 230., 229., 230., 227., 219., 206., 204., 205., 205., 205., 205., 204., 204., 205., 204., 204., 204., 204., 204., 204., 205., 203., 204., 218., 206., 205., 205., 204., 204., 205., 204., 205., 204., 204., 204., 205., 204., 205., 203., 204.}","{3135., 3150., 2972., 2976., 3103., 3040., 2973., 2980., 3133., 2977., 2968., 3115., 2996., 2751., 1538., 1640., 1596., 1517., 1536., 1561., 1520., 1581., 1639., 1530., 1518., 1513., 1540., 1516., 1684., 1528., 1509., 1517., 1502., 1499., 1602., 1631., 1520., 1502., 1502., 1519., 1504., 1673., 1520., 1501., 1521., 1504., 1504., 1586., 1605., 1517.}"
130,138,"stage3_unit6/relu1","stage3_unit6/_plus_stage3_unit6",8,"stage3_unit6/relu1-stage3_unit6/conv1-stage3_unit6/bn2-stage3_unit6/relu2-stage3_unit6/conv2-stage3_unit6/bn3-stage3_unit6/relu3-stage3_unit6/conv3-stage3_unit6/_plus_stage3_unit6","Elementwise","Threading","List-List-List-List-List-List-List-List-List",99.,99.9667,122.,124.,125.06670000000001,157.,"","","","","","","","","","{122., 115., 101., 101., 101., 100., 101., 100., 100., 100., 100., 100., 100., 99., 100., 100., 100., 100., 100., 100., 99., 100., 100., 100., 100., 100., 100., 101., 100., 100., 112., 101., 99., 100., 99., 99., 99., 100., 99., 100., 100., 99., 100., 100., 100., 99., 99., 100., 99., 100.}","{157., 131., 127., 138., 126., 126., 126., 125., 125., 125., 124., 125., 125., 125., 126., 125., 126., 125., 125., 125., 125., 125., 126., 125., 125., 125., 125., 125., 124., 125., 125., 125., 125., 125., 140., 124., 126., 125., 125., 124., 125., 125., 125., 125., 124., 125., 125., 125., 125., 125.}",""
131,139,"stage3_unit6/conv1","stage3_unit7/bn1",8,"stage3_unit6/conv1-stage3_unit6/bn2-stage3_unit6/relu2-stage3_unit6/conv2-stage3_unit6/bn3-stage3_unit6/relu3-stage3_unit6/conv3-stage3_unit6/_plus_stage3_unit6-stage3_unit7/bn1","Convolution","BatchNormalization","List-List-List-List-List-List-List-List-List",227.,229.9333,334.,117.,117.7,143.,"","","","","","","","","","{334., 238., 239., 230., 230., 231., 229., 229., 230., 229., 230., 230., 229., 229., 229., 229., 229., 229., 241., 227., 229., 274., 258., 255., 256., 260., 228., 228., 235., 228., 229., 229., 229., 228., 243., 230., 228., 229., 228., 246., 235., 228., 229., 228., 230., 230., 228., 228., 227., 228.}","{143., 126., 133., 119., 118., 118., 118., 117., 117., 119., 127., 119., 118., 118., 117., 117., 117., 117., 118., 118., 118., 118., 118., 118., 118., 117., 118., 117., 118., 118., 118., 117., 118., 117., 117., 117., 124., 118., 118., 117., 117., 117., 118., 118., 118., 117., 117., 118., 117., 117.}",""
132,140,"stage3_unit6/bn2","stage3_unit7/relu1",8,"stage3_unit6/bn2-stage3_unit6/relu2-stage3_unit6/conv2-stage3_unit6/bn3-stage3_unit6/relu3-stage3_unit6/conv3-stage3_unit6/_plus_stage3_unit6-stage3_unit7/bn1-stage3_unit7/relu1","BatchNormalization","Elementwise","List-List-List-List-List-List-List-List-List",48.,49.066700000000004,71.,99.,100.06670000000001,117.,"","","","","","","","","","{71., 55., 52., 50., 50., 49., 49., 49., 48., 49., 49., 49., 49., 49., 49., 49., 49., 49., 49., 48., 56., 51., 50., 49., 49., 49., 49., 49., 49., 49., 49., 49., 49., 49., 49., 49., 49., 50., 49., 49., 49., 49., 49., 49., 49., 62., 50., 50., 49., 49.}","{117., 104., 102., 101., 99., 101., 100., 100., 114., 101., 101., 100., 99., 100., 100., 100., 100., 100., 100., 100., 100., 100., 100., 100., 100., 100., 100., 99., 99., 100., 101., 100., 99., 99., 100., 100., 100., 100., 100., 100., 100., 100., 101., 101., 100., 100., 99., 111., 100., 99.}",""
133,141,"stage3_unit6/relu2","stage3_unit7/conv1",8,"stage3_unit6/relu2-stage3_unit6/conv2-stage3_unit6/bn3-stage3_unit6/relu3-stage3_unit6/conv3-stage3_unit6/_plus_stage3_unit6-stage3_unit7/bn1-stage3_unit7/relu1-stage3_unit7/conv1","Elementwise","Convolution","List-List-List-List-List-List-List-List-List",41.,42.,60.,227.,229.3667,311.,"","","","","","","","","","{60., 46., 44., 43., 43., 42., 41., 41., 41., 42., 42., 42., 41., 41., 42., 42., 42., 42., 42., 42., 41., 42., 42., 42., 41., 42., 42., 42., 42., 42., 42., 42., 42., 42., 42., 42., 42., 42., 42., 42., 42., 42., 42., 42., 42., 42., 42., 42., 42., 42.}","{311., 235., 231., 237., 230., 229., 229., 228., 244., 229., 230., 228., 229., 228., 229., 228., 229., 228., 228., 228., 266., 257., 256., 256., 262., 242., 231., 229., 228., 234., 228., 228., 229., 228., 228., 228., 228., 227., 228., 228., 227., 228., 241., 229., 229., 228., 235., 229., 228., 228.}",""
134,142,"stage3_unit6/conv2","stage3_unit7/bn2",8,"stage3_unit6/conv2-stage3_unit6/bn3-stage3_unit6/relu3-stage3_unit6/conv3-stage3_unit6/_plus_stage3_unit6-stage3_unit7/bn1-stage3_unit7/relu1-stage3_unit7/conv1-stage3_unit7/bn2","Convolution","BatchNormalization","List-List-List-List-List-List-List-List-List",804.,817.5333,933.,49.,49.300000000000004,72.,"","","","","","","","","","{916., 862., 818., 805., 808., 805., 842., 805., 806., 851., 919., 830., 808., 805., 806., 805., 819., 807., 804., 805., 805., 866., 910., 836., 805., 835., 813., 810., 810., 825., 827., 808., 809., 836., 913., 850., 812., 809., 809., 810., 824., 826., 809., 816., 812., 820., 933., 845., 811., 821.}","{72., 54., 51., 50., 49., 49., 49., 49., 49., 50., 49., 50., 50., 50., 49., 50., 50., 49., 50., 49., 49., 50., 49., 49., 49., 50., 49., 50., 49., 49., 49., 49., 49., 49., 49., 49., 60., 51., 50., 49., 50., 49., 49., 49., 50., 49., 49., 49., 49., 49.}",""
135,143,"stage3_unit6/bn3","stage3_unit7/relu2",8,"stage3_unit6/bn3-stage3_unit6/relu3-stage3_unit6/conv3-stage3_unit6/_plus_stage3_unit6-stage3_unit7/bn1-stage3_unit7/relu1-stage3_unit7/conv1-stage3_unit7/bn2-stage3_unit7/relu2","BatchNormalization","Elementwise","List-List-List-List-List-List-List-List-List",49.,49.033300000000004,72.,42.,42.,61.,"","","","","","","","","","{72., 63., 54., 50., 49., 49., 49., 49., 49., 49., 49., 49., 49., 49., 50., 49., 50., 49., 49., 49., 50., 50., 49., 49., 49., 50., 49., 49., 50., 49., 49., 49., 50., 49., 49., 49., 49., 49., 49., 49., 49., 49., 49., 49., 49., 49., 49., 49., 49., 49.}","{61., 45., 43., 42., 42., 43., 42., 42., 42., 42., 43., 42., 42., 42., 43., 42., 42., 42., 42., 42., 42., 42., 42., 42., 43., 42., 42., 42., 42., 42., 42., 42., 42., 42., 42., 42., 42., 42., 42., 42., 42., 42., 42., 42., 42., 42., 42., 42., 42., 42.}",""
136,144,"stage3_unit6/relu3","stage3_unit7/conv2",8,"stage3_unit6/relu3-stage3_unit6/conv3-stage3_unit6/_plus_stage3_unit6-stage3_unit7/bn1-stage3_unit7/relu1-stage3_unit7/conv1-stage3_unit7/bn2-stage3_unit7/relu2-stage3_unit7/conv2","Elementwise","Convolution","List-List-List-List-List-List-List-List-List",41.,42.,60.,803.,813.7,931.,"","","","","","","","","","{60., 47., 43., 43., 43., 42., 43., 42., 42., 42., 42., 42., 42., 42., 42., 42., 43., 42., 42., 42., 42., 42., 54., 42., 42., 42., 42., 42., 42., 42., 41., 41., 42., 42., 41., 42., 42., 42., 42., 51., 43., 42., 42., 42., 42., 42., 42., 41., 42., 42.}","{931., 824., 810., 808., 824., 807., 807., 805., 805., 819., 856., 910., 806., 803., 817., 806., 805., 805., 803., 817., 803., 805., 844., 905., 851., 806., 816., 817., 811., 823., 809., 809., 809., 810., 844., 910., 846., 807., 823., 808., 810., 809., 809., 825., 810., 805., 807., 927., 869., 810.}",""
137,145,"stage3_unit6/conv3","stage3_unit7/bn3",8,"stage3_unit6/conv3-stage3_unit6/_plus_stage3_unit6-stage3_unit7/bn1-stage3_unit7/relu1-stage3_unit7/conv1-stage3_unit7/bn2-stage3_unit7/relu2-stage3_unit7/conv2-stage3_unit7/bn3","Convolution","BatchNormalization","List-List-List-List-List-List-List-List-List",203.,205.3667,288.,48.,49.1,71.,"","","","","","","","","","{288., 216., 208., 207., 205., 206., 204., 204., 222., 211., 205., 206., 249., 232., 231., 231., 250., 205., 204., 206., 205., 205., 203., 205., 204., 205., 204., 219., 206., 204., 204., 204., 205., 204., 205., 205., 205., 203., 204., 205., 204., 204., 205., 204., 205., 205., 220., 207., 205., 204.}","{71., 53., 50., 50., 49., 49., 50., 49., 49., 50., 49., 49., 49., 49., 49., 49., 49., 48., 49., 49., 49., 49., 48., 49., 49., 49., 48., 61., 50., 50., 49., 49., 49., 49., 49., 49., 49., 49., 49., 49., 49., 49., 51., 50., 50., 49., 49., 50., 49., 49.}",""
138,146,"stage3_unit6/_plus_stage3_unit6","stage3_unit7/relu3",8,"stage3_unit6/_plus_stage3_unit6-stage3_unit7/bn1-stage3_unit7/relu1-stage3_unit7/conv1-stage3_unit7/bn2-stage3_unit7/relu2-stage3_unit7/conv2-stage3_unit7/bn3-stage3_unit7/relu3","Threading","Elementwise","List-List-List-List-List-List-List-List-List",124.,125.,165.,41.,41.7,65.,1404.,1426.,1618.,1280.,1301.,1453.,1363.,1384.3,1553.,"{163., 165., 128., 125., 126., 124., 126., 124., 125., 125., 125., 126., 125., 125., 125., 125., 125., 125., 124., 125., 124., 125., 133., 125., 125., 125., 124., 125., 125., 125., 124., 125., 136., 127., 125., 124., 125., 125., 125., 125., 125., 125., 124., 125., 125., 125., 125., 125., 125., 125.}","{65., 46., 42., 42., 43., 42., 41., 42., 42., 42., 41., 41., 42., 42., 42., 42., 42., 42., 42., 42., 42., 42., 41., 41., 42., 42., 42., 41., 41., 42., 42., 41., 41., 42., 41., 41., 42., 41., 42., 42., 41., 42., 41., 42., 41., 41., 42., 41., 41., 41.}","{1618., 1447., 1444., 1410., 1406., 1472., 1511., 1409., 1422., 1404., 1421., 1410., 1465., 1518., 1408., 1409., 1423., 1410., 1409., 1488., 1488., 1422., 1408., 1407., 1419., 1407., 1482., 1511., 1409., 1407., 1421., 1406., 1406., 1499., 1476., 1419., 1406., 1412., 1422., 1408., 1503., 1486., 1409., 1406., 1421., 1408., 1408., 1524., 1459., 1426.}"
139,147,"stage3_unit7/bn1","stage3_unit7/conv3",8,"stage3_unit7/bn1-stage3_unit7/relu1-stage3_unit7/conv1-stage3_unit7/bn2-stage3_unit7/relu2-stage3_unit7/conv2-stage3_unit7/bn3-stage3_unit7/relu3-stage3_unit7/conv3","BatchNormalization","Convolution","List-List-List-List-List-List-List-List-List",118.,119.,146.,203.,204.5667,318.,1499.,1519.7,1698.,1381.,1400.7,1552.,1296.,1315.1333,1380.,"{146., 128., 137., 120., 119., 120., 119., 119., 118., 119., 119., 119., 118., 118., 119., 119., 120., 119., 118., 119., 118., 118., 119., 119., 120., 119., 119., 119., 119., 119., 119., 118., 119., 119., 119., 134., 120., 118., 119., 119., 118., 128., 126., 120., 119., 118., 119., 118., 119., 118.}","{318., 239., 233., 232., 231., 224., 205., 204., 205., 204., 204., 204., 204., 204., 205., 220., 206., 205., 205., 204., 204., 203., 204., 205., 209., 204., 204., 204., 204., 204., 204., 205., 204., 204., 204., 215., 205., 204., 205., 204., 204., 204., 205., 203., 204., 204., 204., 204., 244., 230.}","{1667., 1698., 1512., 1525., 1501., 1516., 1500., 1598., 1585., 1501., 1508., 1501., 1509., 1518., 1665., 1499., 1558., 1504., 1517., 1505., 1600., 1576., 1501., 1513., 1503., 1502., 1518., 1661., 1503., 1517., 1506., 1515., 1503., 1593., 1580., 1502., 1506., 1517., 1504., 1517., 1670., 1503., 1524., 1504., 1512., 1503., 1585., 1588., 1505., 1511.}"
140,148,"stage3_unit7/relu1","stage3_unit7/_plus_stage3_unit7",8,"stage3_unit7/relu1-stage3_unit7/conv1-stage3_unit7/bn2-stage3_unit7/relu2-stage3_unit7/conv2-stage3_unit7/bn3-stage3_unit7/relu3-stage3_unit7/conv3-stage3_unit7/_plus_stage3_unit7","Elementwise","Threading","List-List-List-List-List-List-List-List-List",100.,100.9333,122.,124.,125.1333,156.,"","","","","","","","","","{122., 114., 102., 102., 100., 102., 101., 101., 101., 101., 101., 101., 101., 100., 102., 101., 100., 101., 111., 101., 101., 100., 100., 101., 100., 101., 100., 101., 101., 101., 100., 101., 114., 102., 101., 100., 101., 100., 101., 111., 102., 101., 100., 101., 100., 101., 101., 101., 101., 100.}","{156., 131., 126., 126., 138., 127., 125., 125., 125., 125., 126., 125., 125., 126., 125., 125., 125., 125., 125., 125., 124., 125., 124., 125., 124., 125., 125., 125., 125., 125., 126., 125., 125., 125., 125., 135., 125., 125., 125., 125., 125., 132., 125., 125., 125., 125., 126., 126., 126., 125.}",""
141,149,"stage3_unit7/conv1","stage3_unit8/bn1",8,"stage3_unit7/conv1-stage3_unit7/bn2-stage3_unit7/relu2-stage3_unit7/conv2-stage3_unit7/bn3-stage3_unit7/relu3-stage3_unit7/conv3-stage3_unit7/_plus_stage3_unit7-stage3_unit8/bn1","Convolution","BatchNormalization","List-List-List-List-List-List-List-List-List",228.,229.9,317.,117.,118.10000000000001,144.,"","","","","","","","","","{317., 252., 236., 230., 229., 230., 229., 229., 236., 231., 229., 228., 235., 278., 258., 257., 255., 273., 232., 230., 229., 231., 229., 229., 228., 230., 229., 229., 230., 229., 229., 230., 229., 229., 229., 240., 229., 230., 230., 229., 230., 229., 230., 230., 230., 229., 229., 230., 229., 230.}","{144., 127., 121., 134., 120., 119., 118., 118., 118., 119., 118., 118., 118., 119., 117., 118., 117., 118., 118., 118., 119., 119., 117., 118., 117., 118., 117., 118., 118., 118., 117., 118., 118., 118., 117., 118., 131., 119., 118., 117., 118., 119., 118., 118., 118., 118., 118., 118., 117., 118.}",""
142,150,"stage3_unit7/bn2","stage3_unit8/relu1",8,"stage3_unit7/bn2-stage3_unit7/relu2-stage3_unit7/conv2-stage3_unit7/bn3-stage3_unit7/relu3-stage3_unit7/conv3-stage3_unit7/_plus_stage3_unit7-stage3_unit8/bn1-stage3_unit8/relu1","BatchNormalization","Elementwise","List-List-List-List-List-List-List-List-List",49.,49.3667,70.,100.,100.33330000000001,118.,"","","","","","","","","","{70., 55., 51., 49., 50., 50., 49., 49., 49., 49., 49., 49., 50., 49., 50., 49., 49., 50., 50., 50., 49., 49., 49., 49., 49., 50., 50., 49., 50., 49., 49., 49., 49., 50., 49., 49., 49., 50., 49., 49., 50., 49., 49., 50., 49., 49., 62., 50., 50., 50.}","{118., 104., 101., 100., 101., 100., 100., 101., 112., 102., 100., 100., 100., 100., 100., 100., 100., 100., 101., 101., 101., 100., 100., 100., 101., 100., 100., 100., 101., 100., 100., 100., 101., 100., 100., 100., 100., 101., 101., 101., 100., 101., 100., 100., 100., 100., 101., 100., 107., 102.}",""
143,151,"stage3_unit7/relu2","stage3_unit8/conv1",8,"stage3_unit7/relu2-stage3_unit7/conv2-stage3_unit7/bn3-stage3_unit7/relu3-stage3_unit7/conv3-stage3_unit7/_plus_stage3_unit7-stage3_unit8/bn1-stage3_unit8/relu1-stage3_unit8/conv1","Elementwise","Convolution","List-List-List-List-List-List-List-List-List",39.,39.3333,57.,224.,229.66670000000002,318.,"","","","","","","","","","{57., 43., 40., 40., 40., 39., 39., 40., 39., 40., 39., 40., 39., 40., 39., 40., 40., 39., 40., 39., 39., 39., 39., 39., 39., 39., 39., 39., 40., 39., 40., 39., 40., 39., 40., 39., 40., 39., 39., 39., 39., 39., 39., 40., 39., 39., 39., 40., 39., 40.}","{318., 238., 233., 231., 232., 231., 232., 231., 230., 245., 229., 225., 260., 253., 252., 252., 257., 225., 225., 225., 225., 224., 226., 224., 225., 225., 244., 232., 229., 229., 229., 228., 229., 229., 229., 229., 229., 234., 229., 229., 229., 229., 229., 242., 230., 228., 229., 228., 227., 228.}",""
144,152,"stage3_unit7/conv2","stage3_unit8/bn2",8,"stage3_unit7/conv2-stage3_unit7/bn3-stage3_unit7/relu3-stage3_unit7/conv3-stage3_unit7/_plus_stage3_unit7-stage3_unit8/bn1-stage3_unit8/relu1-stage3_unit8/conv1-stage3_unit8/bn2","Convolution","BatchNormalization","List-List-List-List-List-List-List-List-List",802.,809.1,932.,49.,49.666700000000006,73.,"","","","","","","","","","{932., 858., 813., 806., 807., 805., 820., 880., 891., 805., 806., 819., 808., 806., 805., 804., 819., 805., 804., 861., 907., 817., 804., 804., 803., 813., 803., 804., 804., 804., 815., 840., 908., 818., 804., 819., 805., 804., 803., 803., 818., 802., 802., 804., 925., 856., 807., 805., 803., 802.}","{73., 54., 51., 50., 49., 50., 50., 50., 50., 50., 49., 50., 50., 49., 50., 50., 49., 49., 50., 50., 50., 49., 49., 49., 49., 50., 50., 50., 49., 49., 50., 49., 50., 49., 49., 50., 50., 49., 50., 50., 49., 50., 49., 49., 64., 51., 50., 49., 50., 49.}",""
145,153,"stage3_unit7/bn3","stage3_unit8/relu2",8,"stage3_unit7/bn3-stage3_unit7/relu3-stage3_unit7/conv3-stage3_unit7/_plus_stage3_unit7-stage3_unit8/bn1-stage3_unit8/relu1-stage3_unit8/conv1-stage3_unit8/bn2-stage3_unit8/relu2","BatchNormalization","Elementwise","List-List-List-List-List-List-List-List-List",49.,49.2333,73.,42.,42.066700000000004,60.,"","","","","","","","","","{73., 54., 51., 50., 50., 49., 49., 49., 50., 50., 50., 49., 50., 49., 50., 49., 49., 49., 50., 49., 50., 49., 49., 49., 49., 49., 49., 50., 49., 49., 49., 49., 49., 49., 49., 50., 49., 49., 49., 49., 49., 49., 50., 49., 49., 49., 50., 49., 50., 49.}","{60., 47., 43., 43., 43., 42., 42., 42., 43., 42., 42., 42., 43., 42., 42., 43., 42., 42., 43., 42., 42., 42., 42., 42., 42., 42., 42., 42., 42., 42., 43., 42., 42., 43., 42., 42., 42., 42., 42., 42., 42., 42., 42., 42., 42., 42., 43., 42., 42., 42.}",""
146,154,"stage3_unit7/relu3","stage3_unit8/conv2",8,"stage3_unit7/relu3-stage3_unit7/conv3-stage3_unit7/_plus_stage3_unit7-stage3_unit8/bn1-stage3_unit8/relu1-stage3_unit8/conv1-stage3_unit8/bn2-stage3_unit8/relu2-stage3_unit8/conv2","Elementwise","Convolution","List-List-List-List-List-List-List-List-List",41.,42.,60.,804.,813.0667000000001,923.,"","","","","","","","","","{60., 45., 43., 52., 43., 42., 42., 42., 42., 42., 42., 41., 42., 42., 42., 42., 42., 42., 42., 42., 42., 42., 42., 42., 42., 42., 42., 42., 42., 42., 42., 51., 43., 42., 42., 42., 42., 42., 42., 42., 42., 42., 42., 42., 42., 42., 42., 42., 41., 41.}","{919., 826., 811., 809., 809., 823., 809., 807., 847., 921., 831., 809., 806., 805., 807., 818., 807., 805., 805., 805., 843., 909., 841., 804., 829., 806., 805., 805., 804., 820., 806., 804., 804., 923., 872., 811., 809., 809., 809., 817., 807., 806., 804., 831., 822., 920., 853., 806., 820., 807.}",""
147,155,"stage3_unit7/conv3","stage3_unit8/bn3",8,"stage3_unit7/conv3-stage3_unit7/_plus_stage3_unit7-stage3_unit8/bn1-stage3_unit8/relu1-stage3_unit8/conv1-stage3_unit8/bn2-stage3_unit8/relu2-stage3_unit8/conv2-stage3_unit8/bn3","Convolution","BatchNormalization","List-List-List-List-List-List-List-List-List",203.,204.4,278.,48.,49.166700000000006,71.,"","","","","","","","","","{278., 215., 206., 205., 205., 250., 234., 231., 229., 237., 221., 206., 205., 204., 205., 204., 204., 204., 203., 204., 204., 204., 204., 203., 204., 204., 204., 203., 204., 217., 206., 204., 204., 204., 204., 204., 205., 204., 204., 204., 203., 205., 204., 203., 204., 203., 204., 203., 204., 215.}","{71., 54., 50., 50., 49., 49., 50., 49., 49., 49., 50., 49., 56., 50., 51., 49., 50., 49., 50., 49., 49., 49., 49., 49., 49., 50., 49., 49., 49., 49., 49., 50., 49., 49., 49., 49., 49., 63., 51., 49., 49., 49., 49., 49., 49., 49., 49., 48., 49., 49.}",""
148,156,"stage3_unit7/_plus_stage3_unit7","stage3_unit8/relu3",8,"stage3_unit7/_plus_stage3_unit7-stage3_unit8/bn1-stage3_unit8/relu1-stage3_unit8/conv1-stage3_unit8/bn2-stage3_unit8/relu2-stage3_unit8/conv2-stage3_unit8/bn3-stage3_unit8/relu3","Threading","Elementwise","List-List-List-List-List-List-List-List-List",124.,125.,163.,41.,42.1667,64.,1401.,1426.0333,1616.,1277.,1301.0333,1453.,1360.,1383.8667,1552.,"{163., 148., 127., 125., 125., 138., 125., 125., 126., 125., 125., 132., 128., 125., 125., 125., 125., 125., 125., 125., 125., 125., 125., 125., 125., 125., 125., 125., 125., 125., 125., 125., 125., 125., 125., 125., 124., 132., 126., 125., 125., 126., 125., 124., 125., 125., 125., 125., 125., 125.}","{64., 47., 44., 43., 43., 42., 42., 43., 42., 42., 43., 43., 57., 43., 42., 42., 42., 42., 42., 42., 42., 41., 41., 42., 42., 42., 42., 43., 42., 50., 42., 42., 42., 42., 42., 43., 42., 42., 42., 43., 42., 42., 42., 42., 42., 43., 42., 42., 42., 42.}","{1616., 1443., 1431., 1410., 1454., 1540., 1410., 1406., 1424., 1408., 1408., 1470., 1515., 1406., 1426., 1419., 1426., 1410., 1466., 1529., 1413., 1409., 1426., 1406., 1404., 1498., 1493., 1425., 1410., 1407., 1423., 1406., 1480., 1511., 1410., 1410., 1423., 1404., 1406., 1516., 1472., 1423., 1401., 1402., 1424., 1409., 1507., 1494., 1410., 1409.}"
149,157,"stage3_unit8/bn1","stage3_unit8/conv3",8,"stage3_unit8/bn1-stage3_unit8/relu1-stage3_unit8/conv1-stage3_unit8/bn2-stage3_unit8/relu2-stage3_unit8/conv2-stage3_unit8/bn3-stage3_unit8/relu3-stage3_unit8/conv3","BatchNormalization","Convolution","List-List-List-List-List-List-List-List-List",118.,119.1333,143.,204.,205.13330000000002,295.,1501.,1519.9,1820.,1383.,1400.7667000000001,1677.,1297.,1314.7667000000001,1525.,"{143., 125., 120., 120., 119., 119., 119., 133., 120., 119., 120., 118., 119., 118., 118., 118., 119., 118., 118., 119., 119., 118., 119., 119., 119., 118., 119., 119., 119., 119., 128., 120., 119., 119., 118., 119., 119., 119., 118., 119., 134., 121., 119., 119., 120., 120., 120., 119., 119., 119.}","{295., 214., 208., 207., 206., 206., 204., 205., 205., 204., 205., 205., 204., 204., 205., 205., 204., 204., 204., 217., 206., 205., 204., 206., 204., 205., 204., 204., 205., 204., 205., 205., 204., 204., 204., 205., 204., 205., 222., 207., 204., 213., 248., 229., 230., 253., 243., 206., 204., 205.}","{1820., 1543., 1521., 1528., 1506., 1503., 1596., 1601., 1536., 1506., 1502., 1521., 1502., 1688., 1502., 1502., 1519., 1509., 1506., 1599., 1584., 1515., 1504., 1502., 1518., 1501., 1673., 1510., 1508., 1545., 1506., 1507., 1600., 1582., 1516., 1505., 1519., 1518., 1511., 1693., 1509., 1509., 1519., 1503., 1507., 1602., 1577., 1516., 1505., 1503.}"
150,158,"stage3_unit8/relu1","stage3_unit8/_plus_stage3_unit8",8,"stage3_unit8/relu1-stage3_unit8/conv1-stage3_unit8/bn2-stage3_unit8/relu2-stage3_unit8/conv2-stage3_unit8/bn3-stage3_unit8/relu3-stage3_unit8/conv3-stage3_unit8/_plus_stage3_unit8","Elementwise","Threading","List-List-List-List-List-List-List-List-List",100.,100.9667,138.,124.,125.2,157.,"","","","","","","","","","{138., 112., 102., 102., 101., 100., 101., 100., 101., 100., 101., 100., 101., 102., 101., 101., 100., 100., 100., 101., 100., 101., 100., 101., 100., 101., 110., 102., 102., 101., 102., 101., 101., 101., 101., 102., 100., 101., 114., 102., 101., 101., 102., 100., 101., 101., 100., 101., 100., 101.}","{157., 138., 126., 125., 125., 125., 125., 125., 125., 137., 126., 126., 124., 125., 126., 125., 125., 125., 124., 125., 125., 125., 124., 125., 125., 125., 124., 125., 126., 125., 133., 125., 126., 125., 125., 124., 126., 126., 125., 125., 150., 127., 125., 126., 125., 125., 125., 125., 125., 126.}",""
151,159,"stage3_unit8/conv1","stage3_unit9/bn1",8,"stage3_unit8/conv1-stage3_unit8/bn2-stage3_unit8/relu2-stage3_unit8/conv2-stage3_unit8/bn3-stage3_unit8/relu3-stage3_unit8/conv3-stage3_unit8/_plus_stage3_unit8-stage3_unit9/bn1","Convolution","BatchNormalization","List-List-List-List-List-List-List-List-List",227.,229.60000000000002,315.,118.,119.36670000000001,146.,"","","","","","","","","","{315., 238., 231., 230., 244., 229., 228., 279., 259., 257., 257., 248., 229., 228., 229., 229., 237., 229., 228., 228., 244., 230., 229., 229., 228., 229., 228., 229., 228., 228., 228., 229., 229., 229., 228., 228., 229., 241., 231., 228., 228., 228., 228., 228., 228., 234., 227., 228., 228., 258.}","{146., 129., 122., 120., 121., 120., 120., 119., 135., 120., 119., 119., 119., 118., 119., 119., 119., 119., 119., 119., 119., 119., 119., 119., 119., 119., 120., 118., 119., 119., 118., 120., 120., 120., 120., 120., 120., 119., 120., 120., 120., 133., 120., 119., 119., 119., 119., 119., 119., 119.}",""
152,160,"stage3_unit8/bn2","stage3_unit9/relu1",8,"stage3_unit8/bn2-stage3_unit8/relu2-stage3_unit8/conv2-stage3_unit8/bn3-stage3_unit8/relu3-stage3_unit8/conv3-stage3_unit8/_plus_stage3_unit8-stage3_unit9/bn1-stage3_unit9/relu1","BatchNormalization","Elementwise","List-List-List-List-List-List-List-List-List",48.,49.,71.,99.,100.,118.,"","","","","","","","","","{71., 53., 50., 50., 50., 49., 49., 49., 49., 49., 49., 49., 49., 49., 48., 49., 49., 50., 49., 49., 49., 49., 49., 49., 49., 49., 49., 49., 49., 49., 49., 49., 49., 49., 49., 49., 49., 49., 49., 49., 49., 49., 48., 49., 49., 49., 49., 49., 50., 49.}","{118., 103., 101., 101., 100., 99., 100., 100., 100., 100., 100., 100., 100., 100., 100., 113., 99., 100., 101., 100., 99., 100., 99., 99., 100., 114., 104., 101., 100., 99., 99., 101., 100., 100., 100., 100., 100., 100., 99., 99., 99., 109., 100., 100., 100., 99., 100., 100., 100., 100.}",""
153,161,"stage3_unit8/relu2","stage3_unit9/conv1",8,"stage3_unit8/relu2-stage3_unit8/conv2-stage3_unit8/bn3-stage3_unit8/relu3-stage3_unit8/conv3-stage3_unit8/_plus_stage3_unit8-stage3_unit9/bn1-stage3_unit9/relu1-stage3_unit9/conv1","Elementwise","Convolution","List-List-List-List-List-List-List-List-List",41.,42.,60.,225.,230.4667,310.,"","","","","","","","","","{60., 46., 43., 43., 42., 41., 42., 42., 42., 42., 42., 53., 43., 42., 42., 42., 41., 42., 42., 41., 41., 42., 41., 41., 42., 42., 42., 42., 42., 42., 41., 42., 41., 42., 42., 42., 42., 42., 42., 42., 42., 42., 42., 41., 41., 42., 42., 42., 42., 42.}","{310., 235., 232., 236., 228., 229., 279., 257., 255., 256., 273., 232., 229., 229., 229., 228., 229., 235., 228., 228., 228., 229., 228., 228., 228., 229., 228., 228., 248., 232., 231., 229., 230., 230., 230., 230., 230., 230., 230., 231., 229., 229., 230., 229., 230., 244., 233., 225., 264., 253.}",""
154,162,"stage3_unit8/conv2","stage3_unit9/bn2",8,"stage3_unit8/conv2-stage3_unit8/bn3-stage3_unit8/relu3-stage3_unit8/conv3-stage3_unit8/_plus_stage3_unit8-stage3_unit9/bn1-stage3_unit9/relu1-stage3_unit9/conv1-stage3_unit9/bn2","Convolution","BatchNormalization","List-List-List-List-List-List-List-List-List",804.,811.8667,922.,49.,49.4333,74.,"","","","","","","","","","{922., 844., 829., 807., 805., 887., 894., 807., 805., 807., 805., 820., 807., 805., 806., 811., 820., 876., 905., 808., 806., 821., 806., 805., 806., 806., 818., 804., 804., 862., 909., 819., 807., 809., 807., 821., 809., 807., 812., 807., 819., 854., 920., 809., 809., 822., 809., 807., 808., 808.}","{74., 55., 51., 51., 50., 49., 50., 50., 49., 50., 49., 49., 49., 49., 49., 49., 50., 49., 49., 49., 49., 49., 49., 50., 50., 49., 49., 49., 50., 49., 50., 49., 50., 49., 50., 49., 49., 50., 49., 49., 50., 49., 50., 49., 50., 50., 49., 62., 50., 50.}",""
155,163,"stage3_unit8/bn3","stage3_unit9/relu2",8,"stage3_unit8/bn3-stage3_unit8/relu3-stage3_unit8/conv3-stage3_unit8/_plus_stage3_unit8-stage3_unit9/bn1-stage3_unit9/relu1-stage3_unit9/conv1-stage3_unit9/bn2-stage3_unit9/relu2","BatchNormalization","Elementwise","List-List-List-List-List-List-List-List-List",48.,49.066700000000004,73.,41.,42.,62.,"","","","","","","","","","{73., 55., 51., 50., 50., 49., 49., 49., 49., 49., 49., 49., 50., 50., 49., 50., 49., 49., 50., 50., 49., 48., 49., 49., 50., 49., 49., 50., 49., 49., 49., 49., 49., 49., 49., 49., 49., 49., 48., 49., 49., 49., 49., 49., 49., 49., 49., 49., 49., 49.}","{62., 47., 43., 43., 43., 42., 41., 42., 42., 42., 42., 42., 42., 42., 42., 42., 42., 42., 42., 42., 43., 42., 42., 42., 42., 42., 42., 42., 42., 42., 42., 42., 42., 42., 42., 42., 42., 42., 42., 42., 42., 42., 42., 41., 42., 42., 42., 42., 42., 42.}",""
156,164,"stage3_unit8/relu3","stage3_unit9/conv2",8,"stage3_unit8/relu3-stage3_unit8/conv3-stage3_unit8/_plus_stage3_unit8-stage3_unit9/bn1-stage3_unit9/relu1-stage3_unit9/conv1-stage3_unit9/bn2-stage3_unit9/relu2-stage3_unit9/conv2","Elementwise","Convolution","List-List-List-List-List-List-List-List-List",41.,42.,60.,804.,811.7333,922.,"","","","","","","","","","{60., 46., 43., 42., 42., 43., 42., 42., 42., 41., 43., 42., 42., 42., 42., 41., 42., 42., 42., 42., 42., 42., 42., 42., 42., 42., 42., 42., 42., 42., 42., 42., 42., 42., 42., 52., 42., 41., 41., 41., 42., 41., 42., 42., 42., 42., 42., 42., 42., 42.}","{922., 820., 808., 807., 805., 820., 874., 908., 805., 805., 820., 806., 805., 804., 805., 818., 805., 805., 855., 912., 822., 810., 807., 808., 816., 810., 807., 807., 807., 818., 846., 910., 819., 807., 821., 807., 807., 806., 806., 819., 807., 807., 830., 911., 846., 808., 806., 805., 805., 821.}",""
157,165,"stage3_unit8/conv3","stage3_unit9/bn3",8,"stage3_unit8/conv3-stage3_unit8/_plus_stage3_unit8-stage3_unit9/bn1-stage3_unit9/relu1-stage3_unit9/conv1-stage3_unit9/bn2-stage3_unit9/relu2-stage3_unit9/conv2-stage3_unit9/bn3","Convolution","BatchNormalization","List-List-List-List-List-List-List-List-List",203.,205.3,316.,48.,49.1,71.,"","","","","","","","","","{316., 243., 208., 208., 205., 206., 204., 204., 205., 204., 205., 204., 246., 211., 208., 205., 205., 205., 204., 205., 205., 204., 204., 204., 204., 205., 205., 205., 204., 204., 206., 219., 206., 205., 204., 204., 205., 204., 204., 204., 205., 204., 203., 204., 243., 232., 230., 229., 229., 242.}","{71., 54., 51., 50., 49., 49., 49., 49., 50., 49., 49., 50., 49., 49., 49., 49., 49., 49., 50., 49., 50., 49., 50., 49., 49., 50., 49., 49., 50., 49., 49., 49., 49., 49., 49., 49., 49., 49., 49., 49., 64., 51., 49., 49., 49., 49., 49., 49., 48., 49.}",""
158,166,"stage3_unit8/_plus_stage3_unit8","stage3_unit9/relu3",8,"stage3_unit8/_plus_stage3_unit8-stage3_unit9/bn1-stage3_unit9/relu1-stage3_unit9/conv1-stage3_unit9/bn2-stage3_unit9/relu2-stage3_unit9/conv2-stage3_unit9/bn3-stage3_unit9/relu3","Threading","Elementwise","List-List-List-List-List-List-List-List-List",124.,125.2667,165.,41.,42.033300000000004,64.,1401.,1421.1000000000001,1623.,1277.,1295.8333,1458.,1360.,1379.0667,1559.,"{165., 149., 128., 126., 126., 125., 138., 127., 125., 126., 125., 125., 125., 125., 125., 126., 125., 125., 125., 125., 125., 124., 126., 125., 125., 125., 125., 125., 125., 125., 125., 125., 125., 126., 125., 124., 126., 126., 136., 125., 125., 125., 125., 125., 126., 126., 125., 125., 126., 126.}","{64., 46., 43., 43., 42., 43., 42., 42., 42., 43., 42., 43., 42., 42., 43., 55., 43., 42., 42., 42., 43., 42., 42., 42., 41., 42., 42., 42., 42., 42., 42., 42., 42., 41., 42., 42., 42., 42., 42., 41., 41., 41., 41., 42., 42., 42., 42., 42., 42., 42.}","{1623., 1450., 1423., 1523., 1472., 1427., 1411., 1404., 1423., 1408., 1534., 1461., 1407., 1405., 1423., 1401., 1423., 1528., 1452., 1418., 1409., 1418., 1422., 1404., 1550., 1449., 1408., 1407., 1417., 1408., 1422., 1546., 1430., 1422., 1410., 1422., 1425., 1410., 1563., 1427., 1407., 1418., 1408., 1405., 1422., 1564., 1407., 1421., 1407., 1407.}"
159,167,"stage3_unit9/bn1","stage3_unit9/conv3",8,"stage3_unit9/bn1-stage3_unit9/relu1-stage3_unit9/conv1-stage3_unit9/bn2-stage3_unit9/relu2-stage3_unit9/conv2-stage3_unit9/bn3-stage3_unit9/relu3-stage3_unit9/conv3","BatchNormalization","Convolution","List-List-List-List-List-List-List-List-List",118.,118.9667,146.,203.,204.9333,291.,1498.,1517.7333,1671.,1380.,1398.7667000000001,1525.,1295.,1312.8,1380.,"{146., 127., 120., 120., 119., 119., 119., 119., 133., 121., 118., 119., 119., 118., 129., 119., 119., 119., 119., 118., 120., 119., 118., 119., 119., 119., 120., 119., 119., 119., 119., 118., 118., 118., 119., 119., 118., 118., 119., 119., 118., 132., 120., 119., 119., 119., 119., 119., 118., 118.}","{291., 213., 224., 208., 206., 205., 205., 204., 205., 204., 205., 204., 208., 204., 204., 204., 204., 204., 204., 203., 204., 218., 206., 204., 204., 204., 204., 205., 203., 203., 203., 204., 204., 203., 235., 231., 230., 230., 230., 249., 207., 205., 205., 204., 205., 207., 206., 204., 204., 204.}","{1660., 1548., 1513., 1517., 1503., 1604., 1594., 1507., 1516., 1504., 1502., 1519., 1671., 1510., 1509., 1512., 1551., 1506., 1609., 1574., 1501., 1522., 1502., 1501., 1515., 1658., 1501., 1518., 1510., 1511., 1502., 1595., 1595., 1501., 1519., 1500., 1501., 1515., 1657., 1504., 1511., 1503., 1514., 1498., 1582., 1586., 1501., 1501., 1513., 1501.}"
160,168,"stage3_unit9/relu1","stage3_unit9/_plus_stage3_unit9",8,"stage3_unit9/relu1-stage3_unit9/conv1-stage3_unit9/bn2-stage3_unit9/relu2-stage3_unit9/conv2-stage3_unit9/bn3-stage3_unit9/relu3-stage3_unit9/conv3-stage3_unit9/_plus_stage3_unit9","Elementwise","Threading","List-List-List-List-List-List-List-List-List",99.,100.6667,125.,124.,125.4667,158.,"","","","","","","","","","{125., 113., 102., 103., 115., 102., 101., 101., 101., 100., 102., 110., 102., 100., 102., 101., 101., 101., 101., 100., 100., 101., 101., 100., 101., 101., 101., 101., 101., 101., 100., 101., 100., 99., 100., 101., 100., 100., 100., 99., 100., 100., 100., 111., 101., 100., 100., 100., 100., 100.}","{158., 135., 127., 127., 125., 126., 126., 126., 126., 126., 126., 125., 125., 137., 126., 126., 125., 126., 126., 133., 125., 125., 125., 126., 125., 125., 125., 125., 125., 125., 125., 125., 126., 125., 126., 126., 125., 125., 125., 125., 125., 125., 126., 124., 136., 126., 125., 124., 126., 124.}",""
161,169,"stage3_unit9/conv1","stage3_unit10/bn1",8,"stage3_unit9/conv1-stage3_unit9/bn2-stage3_unit9/relu2-stage3_unit9/conv2-stage3_unit9/bn3-stage3_unit9/relu3-stage3_unit9/conv3-stage3_unit9/_plus_stage3_unit9-stage3_unit10/bn1","Convolution","BatchNormalization","List-List-List-List-List-List-List-List-List",229.,231.20000000000002,326.,116.,117.2,144.,"","","","","","","","","","{326., 282., 261., 258., 257., 256., 232., 230., 230., 230., 230., 229., 230., 229., 230., 229., 230., 229., 229., 229., 229., 229., 244., 231., 237., 229., 230., 229., 229., 229., 229., 229., 229., 229., 229., 229., 229., 230., 229., 229., 234., 230., 229., 271., 258., 256., 257., 252., 229., 229.}","{144., 127., 118., 118., 118., 118., 118., 118., 118., 117., 117., 118., 132., 119., 118., 117., 117., 117., 117., 117., 117., 117., 117., 117., 117., 116., 117., 117., 117., 116., 117., 117., 117., 116., 117., 117., 118., 117., 117., 117., 117., 117., 117., 117., 117., 117., 129., 118., 117., 117.}",""
162,170,"stage3_unit9/bn2","stage3_unit10/relu1",8,"stage3_unit9/bn2-stage3_unit9/relu2-stage3_unit9/conv2-stage3_unit9/bn3-stage3_unit9/relu3-stage3_unit9/conv3-stage3_unit9/_plus_stage3_unit9-stage3_unit10/bn1-stage3_unit10/relu1","BatchNormalization","Elementwise","List-List-List-List-List-List-List-List-List",49.,49.300000000000004,70.,99.,100.6333,117.,"","","","","","","","","","{70., 54., 51., 50., 50., 50., 49., 49., 50., 49., 49., 49., 49., 50., 49., 49., 49., 50., 49., 50., 49., 50., 49., 50., 49., 49., 49., 50., 49., 50., 49., 49., 49., 49., 49., 49., 50., 49., 50., 49., 49., 49., 49., 50., 49., 49., 50., 49., 49., 50.}","{117., 103., 101., 102., 100., 102., 100., 100., 101., 101., 101., 100., 100., 101., 101., 101., 100., 101., 100., 100., 114., 102., 102., 101., 101., 101., 100., 110., 101., 100., 100., 101., 100., 101., 100., 100., 101., 101., 101., 101., 100., 101., 100., 100., 101., 100., 100., 101., 99., 100.}",""
163,171,"stage3_unit9/relu2","stage3_unit10/conv1",8,"stage3_unit9/relu2-stage3_unit9/conv2-stage3_unit9/bn3-stage3_unit9/relu3-stage3_unit9/conv3-stage3_unit9/_plus_stage3_unit9-stage3_unit10/bn1-stage3_unit10/relu1-stage3_unit10/conv1","Elementwise","Convolution","List-List-List-List-List-List-List-List-List",41.,42.,59.,227.,230.13330000000002,371.,"","","","","","","","","","{59., 46., 43., 43., 42., 43., 42., 42., 42., 42., 42., 42., 42., 42., 42., 43., 41., 42., 42., 42., 42., 42., 42., 42., 55., 43., 42., 42., 42., 42., 42., 42., 42., 42., 42., 41., 41., 42., 42., 42., 41., 42., 41., 41., 42., 42., 42., 42., 42., 42.}","{371., 264., 259., 264., 229., 229., 230., 229., 228., 228., 229., 228., 231., 243., 230., 229., 229., 229., 228., 229., 228., 229., 228., 228., 228., 235., 228., 228., 229., 229., 244., 230., 228., 229., 228., 228., 228., 228., 228., 228., 228., 227., 270., 256., 256., 255., 263., 245., 230., 231.}",""
164,172,"stage3_unit9/conv2","stage3_unit10/bn2",8,"stage3_unit9/conv2-stage3_unit9/bn3-stage3_unit9/relu3-stage3_unit9/conv3-stage3_unit9/_plus_stage3_unit9-stage3_unit10/bn1-stage3_unit10/relu1-stage3_unit10/conv1-stage3_unit10/bn2","Convolution","BatchNormalization","List-List-List-List-List-List-List-List-List",803.,811.1333000000001,928.,49.,49.2333,74.,"","","","","","","","","","{923., 840., 828., 871., 921., 807., 807., 822., 809., 806., 807., 808., 818., 807., 804., 848., 928., 817., 806., 805., 804., 804., 815., 804., 804., 803., 803., 842., 908., 826., 803., 820., 808., 806., 805., 807., 819., 807., 806., 807., 924., 862., 808., 807., 807., 808., 819., 808., 807., 807.}","{74., 56., 51., 50., 50., 50., 50., 49., 49., 49., 50., 50., 49., 49., 50., 49., 49., 49., 49., 49., 49., 49., 49., 49., 49., 49., 49., 49., 49., 49., 49., 49., 50., 49., 49., 58., 53., 50., 49., 49., 49., 49., 50., 50., 50., 49., 49., 49., 49., 49.}",""
165,173,"stage3_unit9/bn3","stage3_unit10/relu2",8,"stage3_unit9/bn3-stage3_unit9/relu3-stage3_unit9/conv3-stage3_unit9/_plus_stage3_unit9-stage3_unit10/bn1-stage3_unit10/relu1-stage3_unit10/conv1-stage3_unit10/bn2-stage3_unit10/relu2","BatchNormalization","Elementwise","List-List-List-List-List-List-List-List-List",48.,49.133300000000006,73.,41.,41.9667,61.,"","","","","","","","","","{73., 54., 50., 50., 49., 50., 49., 49., 49., 60., 51., 50., 49., 49., 50., 49., 49., 49., 49., 49., 49., 49., 48., 49., 49., 49., 50., 49., 49., 50., 49., 49., 49., 50., 49., 49., 49., 49., 49., 49., 49., 49., 49., 50., 49., 49., 50., 49., 49., 49.}","{61., 47., 43., 42., 51., 43., 42., 42., 41., 41., 41., 42., 42., 42., 42., 42., 42., 42., 42., 42., 42., 42., 42., 42., 42., 42., 42., 42., 41., 42., 42., 42., 41., 42., 41., 42., 42., 42., 42., 41., 41., 41., 42., 42., 42., 41., 41., 42., 42., 42.}",""
166,174,"stage3_unit9/relu3","stage3_unit10/conv2",8,"stage3_unit9/relu3-stage3_unit9/conv3-stage3_unit9/_plus_stage3_unit9-stage3_unit10/bn1-stage3_unit10/relu1-stage3_unit10/conv1-stage3_unit10/bn2-stage3_unit10/relu2-stage3_unit10/conv2","Elementwise","Convolution","List-List-List-List-List-List-List-List-List",41.,41.9,61.,805.,811.1333000000001,922.,"","","","","","","","","","{61., 46., 43., 43., 42., 42., 42., 42., 42., 42., 42., 42., 42., 41., 41., 42., 41., 42., 42., 42., 42., 42., 42., 42., 42., 41., 41., 41., 41., 42., 42., 42., 42., 41., 42., 42., 42., 42., 42., 42., 41., 41., 43., 42., 41., 41., 41., 42., 42., 55.}","{919., 838., 811., 808., 848., 920., 834., 808., 805., 808., 806., 818., 806., 805., 806., 806., 839., 909., 828., 805., 821., 806., 805., 805., 805., 821., 807., 807., 806., 922., 862., 807., 806., 806., 807., 818., 806., 805., 807., 805., 816., 906., 861., 805., 806., 817., 806., 807., 815., 809.}",""
167,175,"stage3_unit9/conv3","stage3_unit10/bn3",8,"stage3_unit9/conv3-stage3_unit9/_plus_stage3_unit9-stage3_unit10/bn1-stage3_unit10/relu1-stage3_unit10/conv1-stage3_unit10/bn2-stage3_unit10/relu2-stage3_unit10/conv2-stage3_unit10/bn3","Convolution","BatchNormalization","List-List-List-List-List-List-List-List-List",202.,204.3667,290.,49.,49.133300000000006,71.,"","","","","","","","","","{290., 217., 210., 206., 206., 204., 205., 205., 204., 204., 207., 205., 204., 204., 204., 219., 205., 205., 204., 204., 204., 204., 203., 204., 204., 203., 203., 204., 202., 204., 202., 204., 203., 203., 218., 205., 203., 203., 249., 230., 230., 229., 238., 204., 203., 203., 204., 204., 203., 204.}","{71., 55., 52., 50., 49., 49., 50., 50., 50., 49., 50., 49., 50., 49., 49., 49., 49., 49., 49., 49., 49., 50., 49., 49., 49., 49., 49., 49., 49., 50., 49., 49., 49., 49., 50., 49., 49., 50., 49., 49., 49., 49., 50., 49., 49., 49., 49., 49., 49., 49.}",""
168,176,"stage3_unit9/_plus_stage3_unit9","stage3_unit10/relu3",8,"stage3_unit9/_plus_stage3_unit9-stage3_unit10/bn1-stage3_unit10/relu1-stage3_unit10/conv1-stage3_unit10/bn2-stage3_unit10/relu2-stage3_unit10/conv2-stage3_unit10/bn3-stage3_unit10/relu3","Threading","Elementwise","List-List-List-List-List-List-List-List-List",127.,127.83330000000001,165.,42.,42.133300000000006,63.,1405.,1421.2,1622.,1278.,1293.3667,1457.,1363.,1379.0667,1559.,"{165., 154., 131., 129., 130., 128., 127., 129., 129., 127., 130., 142., 127., 130., 127., 128., 129., 128., 128., 128., 127., 128., 128., 127., 127., 128., 128., 127., 128., 128., 128., 128., 127., 128., 128., 128., 127., 127., 127., 127., 128., 127., 137., 129., 128., 127., 128., 127., 127., 127.}","{63., 47., 43., 43., 43., 43., 42., 42., 42., 42., 42., 43., 42., 42., 42., 42., 42., 43., 42., 42., 42., 42., 43., 42., 42., 42., 42., 42., 42., 54., 43., 43., 42., 42., 42., 42., 42., 42., 42., 43., 42., 42., 43., 42., 42., 42., 42., 42., 42., 42.}","{1622., 1445., 1515., 1481., 1408., 1409., 1424., 1410., 1408., 1517., 1469., 1424., 1410., 1410., 1423., 1408., 1525., 1460., 1409., 1410., 1423., 1412., 1422., 1535., 1434., 1422., 1412., 1407., 1425., 1409., 1541., 1441., 1408., 1421., 1422., 1408., 1424., 1554., 1421., 1425., 1411., 1408., 1426., 1407., 1564., 1420., 1405., 1423., 1406., 1409.}"
169,177,"stage3_unit10/bn1","stage3_unit10/conv3",8,"stage3_unit10/bn1-stage3_unit10/relu1-stage3_unit10/conv1-stage3_unit10/bn2-stage3_unit10/relu2-stage3_unit10/conv2-stage3_unit10/bn3-stage3_unit10/relu3-stage3_unit10/conv3","BatchNormalization","Convolution","List-List-List-List-List-List-List-List-List",118.,118.4333,143.,203.,205.9667,289.,1501.,1522.,1681.,1383.,1403.5667,1538.,1298.,1316.0333,1392.,"{143., 124., 120., 129., 119., 118., 119., 119., 118., 118., 118., 119., 119., 131., 119., 118., 118., 118., 119., 119., 119., 118., 118., 119., 118., 118., 118., 118., 118., 118., 119., 118., 118., 118., 118., 118., 118., 118., 118., 119., 118., 119., 118., 119., 118., 119., 129., 119., 118., 119.}","{289., 213., 207., 206., 220., 207., 205., 209., 205., 205., 204., 205., 205., 205., 204., 205., 204., 205., 204., 204., 204., 208., 205., 219., 206., 205., 212., 249., 230., 230., 230., 241., 205., 203., 205., 205., 204., 205., 204., 204., 204., 217., 206., 205., 204., 204., 205., 204., 218., 209.}","{1644., 1561., 1517., 1508., 1592., 1597., 1518., 1503., 1509., 1520., 1504., 1681., 1506., 1502., 1522., 1508., 1506., 1592., 1597., 1538., 1511., 1524., 1521., 1503., 1678., 1507., 1510., 1527., 1509., 1508., 1599., 1587., 1527., 1508., 1506., 1525., 1511., 1680., 1504., 1501., 1531., 1512., 1511., 1604., 1570., 1524., 1508., 1508., 1520., 1503.}"
170,178,"stage3_unit10/relu1","stage3_unit10/_plus_stage3_unit10",8,"stage3_unit10/relu1-stage3_unit10/conv1-stage3_unit10/bn2-stage3_unit10/relu2-stage3_unit10/conv2-stage3_unit10/bn3-stage3_unit10/relu3-stage3_unit10/conv3-stage3_unit10/_plus_stage3_unit10","Elementwise","Threading","List-List-List-List-List-List-List-List-List",103.,104.30000000000001,125.,125.,126.7667,155.,"","","","","","","","","","{125., 115., 109., 105., 105., 105., 106., 114., 105., 103., 105., 106., 104., 104., 105., 104., 105., 104., 104., 104., 104., 104., 105., 105., 103., 103., 104., 104., 105., 105., 103., 104., 104., 103., 104., 103., 104., 104., 103., 104., 104., 104., 103., 104., 104., 117., 103., 104., 104., 105.}","{155., 135., 127., 127., 127., 134., 126., 127., 127., 126., 127., 126., 127., 127., 126., 136., 127., 126., 126., 127., 126., 127., 126., 126., 126., 127., 127., 127., 126., 127., 127., 127., 126., 127., 127., 126., 126., 126., 127., 127., 127., 128., 127., 126., 127., 127., 129., 127., 125., 127.}",""
171,179,"stage3_unit10/conv1","stage3_unit11/bn1",8,"stage3_unit10/conv1-stage3_unit10/bn2-stage3_unit10/relu2-stage3_unit10/conv2-stage3_unit10/bn3-stage3_unit10/relu3-stage3_unit10/conv3-stage3_unit10/_plus_stage3_unit10-stage3_unit11/bn1","Convolution","BatchNormalization","List-List-List-List-List-List-List-List-List",228.,229.26670000000001,315.,117.,117.80000000000001,144.,"","","","","","","","","","{315., 235., 230., 230., 229., 228., 229., 245., 230., 229., 229., 228., 228., 228., 228., 229., 228., 228., 228., 229., 235., 229., 228., 228., 243., 229., 229., 228., 229., 229., 229., 228., 236., 229., 228., 229., 279., 258., 257., 255., 250., 243., 229., 229., 228., 229., 228., 229., 228., 228.}","{144., 126., 121., 119., 118., 118., 119., 118., 118., 118., 118., 118., 118., 117., 118., 132., 120., 117., 117., 117., 117., 117., 118., 117., 117., 118., 118., 117., 117., 117., 118., 118., 117., 118., 118., 117., 118., 118., 127., 118., 118., 117., 118., 117., 118., 117., 118., 118., 131., 118.}",""
172,180,"stage3_unit10/bn2","stage3_unit11/relu1",8,"stage3_unit10/bn2-stage3_unit10/relu2-stage3_unit10/conv2-stage3_unit10/bn3-stage3_unit10/relu3-stage3_unit10/conv3-stage3_unit10/_plus_stage3_unit10-stage3_unit11/bn1-stage3_unit11/relu1","BatchNormalization","Elementwise","List-List-List-List-List-List-List-List-List",48.,49.,70.,99.,100.36670000000001,117.,"","","","","","","","","","{70., 54., 51., 50., 50., 49., 49., 49., 49., 48., 49., 49., 49., 49., 49., 49., 49., 49., 49., 49., 49., 49., 49., 50., 49., 49., 49., 48., 49., 48., 49., 48., 49., 49., 48., 48., 48., 48., 49., 48., 48., 49., 49., 49., 50., 49., 49., 49., 49., 49.}","{117., 104., 101., 100., 101., 100., 101., 100., 100., 100., 101., 109., 101., 101., 100., 100., 100., 101., 99., 101., 101., 100., 100., 114., 100., 100., 100., 100., 100., 100., 100., 100., 101., 101., 101., 100., 101., 100., 100., 100., 100., 101., 101., 100., 100., 101., 100., 100., 101., 100.}",""
173,181,"stage3_unit10/relu2","stage3_unit11/conv1",8,"stage3_unit10/relu2-stage3_unit10/conv2-stage3_unit10/bn3-stage3_unit10/relu3-stage3_unit10/conv3-stage3_unit10/_plus_stage3_unit10-stage3_unit11/bn1-stage3_unit11/relu1-stage3_unit11/conv1","Elementwise","Convolution","List-List-List-List-List-List-List-List-List",41.,42.,60.,228.,230.5667,300.,"","","","","","","","","","{60., 46., 43., 42., 42., 42., 42., 41., 42., 42., 42., 42., 42., 42., 41., 41., 41., 41., 42., 42., 42., 42., 42., 43., 42., 42., 42., 41., 42., 43., 42., 42., 52., 43., 42., 42., 42., 42., 41., 42., 42., 42., 42., 42., 42., 42., 42., 42., 41., 49.}","{300., 235., 233., 229., 230., 229., 228., 230., 228., 228., 229., 229., 228., 229., 228., 244., 231., 228., 228., 229., 229., 228., 234., 229., 228., 229., 229., 229., 242., 234., 229., 242., 243., 229., 230., 254., 261., 256., 256., 256., 241., 229., 229., 228., 228., 229., 228., 229., 228., 242.}",""
174,182,"stage3_unit10/conv2","stage3_unit11/bn2",8,"stage3_unit10/conv2-stage3_unit10/bn3-stage3_unit10/relu3-stage3_unit10/conv3-stage3_unit10/_plus_stage3_unit10-stage3_unit11/bn1-stage3_unit11/relu1-stage3_unit11/conv1-stage3_unit11/bn2","Convolution","BatchNormalization","List-List-List-List-List-List-List-List-List",803.,811.9333,930.,48.,49.,74.,"","","","","","","","","","{919., 876., 912., 845., 807., 807., 807., 808., 822., 808., 808., 809., 807., 820., 930., 848., 805., 818., 807., 806., 805., 804., 834., 808., 804., 804., 915., 866., 805., 806., 803., 805., 823., 810., 810., 809., 808., 820., 909., 866., 808., 808., 820., 809., 808., 809., 822., 809., 808., 807.}","{74., 55., 51., 51., 57., 50., 50., 49., 49., 50., 49., 49., 50., 49., 49., 49., 48., 48., 49., 49., 49., 49., 49., 49., 49., 49., 49., 49., 49., 49., 49., 49., 49., 49., 49., 49., 49., 49., 49., 49., 48., 49., 49., 49., 50., 49., 49., 49., 49., 49.}",""
175,183,"stage3_unit10/bn3","stage3_unit11/relu2",8,"stage3_unit10/bn3-stage3_unit10/relu3-stage3_unit10/conv3-stage3_unit10/_plus_stage3_unit10-stage3_unit11/bn1-stage3_unit11/relu1-stage3_unit11/conv1-stage3_unit11/bn2-stage3_unit11/relu2","BatchNormalization","Elementwise","List-List-List-List-List-List-List-List-List",48.,49.,74.,41.,41.7333,60.,"","","","","","","","","","{74., 54., 51., 50., 49., 49., 49., 49., 50., 50., 49., 49., 49., 50., 49., 49., 49., 49., 49., 55., 50., 49., 49., 49., 49., 49., 49., 49., 48., 49., 49., 49., 49., 49., 49., 49., 49., 49., 49., 49., 49., 49., 49., 48., 49., 49., 49., 49., 49., 49.}","{60., 45., 43., 43., 42., 42., 42., 42., 41., 41., 42., 42., 42., 42., 41., 41., 56., 43., 42., 41., 42., 41., 42., 41., 41., 42., 42., 41., 41., 42., 41., 41., 41., 49., 45., 42., 42., 42., 42., 41., 41., 43., 42., 42., 42., 41., 41., 42., 42., 41.}",""
176,184,"stage3_unit10/relu3","stage3_unit11/conv2",8,"stage3_unit10/relu3-stage3_unit10/conv3-stage3_unit10/_plus_stage3_unit10-stage3_unit11/bn1-stage3_unit11/relu1-stage3_unit11/conv1-stage3_unit11/bn2-stage3_unit11/relu2-stage3_unit11/conv2","Elementwise","Convolution","List-List-List-List-List-List-List-List-List",41.,45.400000000000006,80.,805.,1047.8667,1744.,"","","","","","","","","","{60., 46., 43., 42., 42., 42., 42., 42., 42., 42., 41., 41., 42., 41., 42., 42., 42., 42., 42., 42., 42., 42., 42., 42., 43., 80., 76., 53., 50., 48., 48., 48., 48., 48., 48., 48., 48., 48., 48., 48., 48., 48., 48., 48., 48., 48., 48., 48., 48., 48.}","{1647., 1612., 1665., 1692., 1602., 1604., 1569., 1596., 1658., 1658., 1599., 1598., 1592., 1604., 1577., 1744., 1594., 1567., 1100., 832., 818., 827., 816., 843., 915., 848., 810., 821., 825., 807., 805., 806., 820., 816., 811., 806., 935., 852., 809., 806., 808., 807., 819., 810., 808., 817., 813., 818., 930., 858.}",""
177,185,"stage3_unit10/conv3","stage3_unit11/bn3",8,"stage3_unit10/conv3-stage3_unit10/_plus_stage3_unit10-stage3_unit11/bn1-stage3_unit11/relu1-stage3_unit11/conv1-stage3_unit11/bn2-stage3_unit11/relu2-stage3_unit11/conv2-stage3_unit11/bn3","Convolution","BatchNormalization","List-List-List-List-List-List-List-List-List",213.,221.8667,312.,66.,66.6333,97.,"","","","","","","","","","{312., 249., 241., 246., 232., 215., 214., 214., 213., 213., 213., 214., 237., 241., 225., 222., 221., 220., 219., 220., 219., 231., 224., 220., 219., 219., 219., 218., 219., 219., 220., 219., 220., 221., 219., 222., 220., 220., 221., 232., 219., 219., 218., 268., 246., 245., 245., 243., 219., 218.}","{97., 69., 67., 67., 66., 67., 67., 67., 66., 67., 67., 66., 66., 67., 66., 67., 66., 66., 66., 67., 67., 66., 66., 66., 67., 66., 67., 66., 67., 70., 68., 67., 66., 67., 67., 67., 67., 66., 66., 66., 66., 67., 77., 67., 67., 66., 67., 66., 66., 67.}",""
178,186,"stage3_unit10/_plus_stage3_unit10","stage3_unit11/relu3",8,"stage3_unit10/_plus_stage3_unit10-stage3_unit11/bn1-stage3_unit11/relu1-stage3_unit11/conv1-stage3_unit11/bn2-stage3_unit11/relu2-stage3_unit11/conv2-stage3_unit11/bn3-stage3_unit11/relu3","Threading","Elementwise","List-List-List-List-List-List-List-List-List",145.,146.66670000000002,193.,47.,47.9667,76.,1419.,1453.1333,2964.,1274.,1306.4667000000002,2771.,1372.,1405.1667,2888.,"{193., 161., 147., 146., 147., 159., 146., 147., 146., 146., 147., 147., 146., 146., 146., 146., 146., 146., 147., 147., 146., 145., 146., 152., 147., 147., 147., 147., 146., 146., 146., 147., 160., 148., 147., 148., 152., 147., 146., 147., 147., 147., 146., 147., 146., 147., 146., 147., 148., 147.}","{76., 54., 50., 49., 49., 47., 48., 48., 48., 47., 49., 48., 48., 48., 47., 48., 48., 48., 48., 47., 48., 47., 48., 47., 48., 48., 48., 48., 47., 48., 48., 47., 48., 47., 48., 48., 47., 48., 48., 48., 48., 48., 47., 48., 59., 49., 48., 48., 48., 48.}","{2964., 2823., 2898., 2839., 2790., 2808., 2689., 1470., 1429., 1443., 1427., 1438., 1508., 1541., 1439., 1424., 1421., 1438., 1438., 1521., 1503., 1425., 1422., 1439., 1423., 1446., 1564., 1449., 1439., 1427., 1424., 1440., 1436., 1590., 1445., 1422., 1436., 1419., 1420., 1447., 1596., 1423., 1442., 1423., 1421., 1438., 1438., 1591., 1426., 1438.}"
179,187,"stage3_unit11/bn1","stage3_unit11/conv3",8,"stage3_unit11/bn1-stage3_unit11/relu1-stage3_unit11/conv1-stage3_unit11/bn2-stage3_unit11/relu2-stage3_unit11/conv2-stage3_unit11/bn3-stage3_unit11/relu3-stage3_unit11/conv3","BatchNormalization","Convolution","List-List-List-List-List-List-List-List-List",113.,114.83330000000001,147.,204.,204.8333,285.,1497.,1514.5,1709.,1384.,1399.6667,1562.,1293.,1309.6667,1424.,"{147., 120., 115., 114., 114., 114., 114., 114., 114., 114., 114., 114., 114., 114., 113., 114., 115., 128., 116., 115., 123., 115., 116., 115., 115., 115., 114., 116., 115., 115., 115., 115., 115., 115., 115., 115., 115., 115., 115., 115., 115., 115., 115., 115., 115., 115., 115., 115., 115., 114.}","{285., 214., 208., 206., 206., 223., 207., 206., 204., 205., 205., 204., 204., 204., 204., 205., 204., 204., 205., 204., 204., 204., 204., 204., 204., 217., 206., 205., 204., 204., 204., 204., 205., 205., 205., 204., 204., 204., 243., 243., 230., 229., 240., 220., 205., 205., 204., 204., 204., 204.}","{1709., 1554., 1514., 1502., 1517., 1511., 1677., 1503., 1498., 1513., 1501., 1503., 1605., 1579., 1517., 1497., 1537., 1519., 1499., 1681., 1511., 1501., 1512., 1501., 1500., 1600., 1569., 1514., 1501., 1499., 1516., 1503., 1688., 1508., 1504., 1515., 1506., 1501., 1597., 1587., 1519., 1503., 1501., 1534., 1502., 1695., 1502., 1500., 1524., 1500.}"
180,188,"stage3_unit11/relu1","stage3_unit11/_plus_stage3_unit11",8,"stage3_unit11/relu1-stage3_unit11/conv1-stage3_unit11/bn2-stage3_unit11/relu2-stage3_unit11/conv2-stage3_unit11/bn3-stage3_unit11/relu3-stage3_unit11/conv3-stage3_unit11/_plus_stage3_unit11","Elementwise","Threading","List-List-List-List-List-List-List-List-List",99.,100.,121.,121.,123.6667,159.,"","","","","","","","","","{121., 114., 103., 100., 100., 100., 99., 100., 100., 100., 100., 100., 106., 100., 100., 100., 100., 100., 101., 109., 100., 100., 99., 100., 99., 100., 101., 99., 100., 101., 100., 100., 100., 99., 100., 100., 99., 101., 99., 100., 100., 100., 99., 100., 100., 100., 101., 100., 100., 100.}","{159., 135., 127., 128., 127., 127., 126., 127., 127., 126., 126., 126., 127., 127., 126., 126., 127., 126., 126., 129., 123., 122., 122., 122., 123., 130., 122., 122., 122., 121., 121., 122., 123., 121., 121., 121., 122., 122., 122., 122., 121., 122., 121., 122., 122., 122., 122., 122., 121., 121.}",""
181,189,"stage3_unit11/conv1","stage3_unit12/bn1",8,"stage3_unit11/conv1-stage3_unit11/bn2-stage3_unit11/relu2-stage3_unit11/conv2-stage3_unit11/bn3-stage3_unit11/relu3-stage3_unit11/conv3-stage3_unit11/_plus_stage3_unit11-stage3_unit12/bn1","Convolution","BatchNormalization","List-List-List-List-List-List-List-List-List",226.,229.8,313.,116.,117.06670000000001,143.,"","","","","","","","","","{313., 233., 227., 226., 260., 253., 258., 252., 261., 246., 233., 229., 228., 229., 229., 227., 236., 228., 228., 227., 228., 227., 227., 228., 228., 228., 242., 229., 229., 228., 229., 228., 229., 227., 228., 228., 229., 228., 228., 227., 229., 228., 228., 227., 241., 228., 227., 272., 256., 261.}","{143., 124., 121., 117., 117., 118., 117., 117., 117., 117., 117., 117., 117., 117., 117., 117., 117., 117., 117., 116., 129., 118., 117., 117., 117., 117., 118., 117., 117., 117., 117., 117., 117., 117., 116., 117., 117., 118., 117., 117., 117., 118., 117., 117., 118., 117., 117., 118., 118., 117.}",""
182,190,"stage3_unit11/bn2","stage3_unit12/relu1",8,"stage3_unit11/bn2-stage3_unit11/relu2-stage3_unit11/conv2-stage3_unit11/bn3-stage3_unit11/relu3-stage3_unit11/conv3-stage3_unit11/_plus_stage3_unit11-stage3_unit12/bn1-stage3_unit12/relu1","BatchNormalization","Elementwise","List-List-List-List-List-List-List-List-List",49.,53.2667,73.,99.,100.56670000000001,123.,"","","","","","","","","","{69., 53., 49., 49., 49., 73., 56., 67., 54., 53., 54., 53., 54., 53., 53., 54., 53., 54., 53., 54., 53., 53., 54., 53., 53., 54., 53., 53., 53., 53., 54., 53., 53., 54., 53., 53., 54., 53., 53., 54., 53., 53., 53., 54., 53., 53., 53., 53., 53., 54.}","{120., 103., 101., 100., 101., 101., 100., 100., 100., 101., 101., 100., 100., 100., 100., 100., 100., 100., 101., 100., 100., 100., 100., 101., 100., 101., 100., 110., 102., 100., 100., 101., 101., 99., 102., 107., 100., 101., 100., 101., 101., 100., 100., 123., 107., 102., 102., 101., 101., 102.}",""
183,191,"stage3_unit11/relu2","stage3_unit12/conv1",8,"stage3_unit11/relu2-stage3_unit11/conv2-stage3_unit11/bn3-stage3_unit11/relu3-stage3_unit11/conv3-stage3_unit11/_plus_stage3_unit11-stage3_unit12/bn1-stage3_unit12/relu1-stage3_unit12/conv1","Elementwise","Convolution","List-List-List-List-List-List-List-List-List",42.,43.,64.,381.,383.23330000000004,472.,"","","","","","","","","","{64., 45., 44., 43., 43., 43., 43., 43., 42., 43., 43., 43., 43., 43., 43., 43., 43., 43., 43., 43., 43., 43., 43., 43., 42., 43., 43., 43., 43., 43., 43., 43., 43., 43., 43., 43., 43., 43., 43., 43., 43., 53., 43., 42., 43., 43., 42., 42., 43., 43.}","{472., 422., 431., 429., 419., 384., 382., 381., 382., 395., 384., 381., 382., 382., 381., 383., 382., 381., 382., 382., 394., 383., 382., 382., 381., 381., 382., 430., 429., 437., 395., 383., 384., 383., 382., 382., 383., 382., 381., 382., 393., 384., 382., 382., 381., 382., 381., 383., 382., 381.}",""
184,192,"stage3_unit11/conv2","stage3_unit12/bn2",8,"stage3_unit11/conv2-stage3_unit11/bn3-stage3_unit11/relu3-stage3_unit11/conv3-stage3_unit11/_plus_stage3_unit11-stage3_unit12/bn1-stage3_unit12/relu1-stage3_unit12/conv1-stage3_unit12/bn2","Convolution","BatchNormalization","List-List-List-List-List-List-List-List-List",803.,1141.7667000000001,1759.,55.,55.5,85.,"","","","","","","","","","{1662., 1620., 1628., 1643., 1689., 1603., 1585., 1604., 1595., 1609., 1733., 1623., 1604., 1615., 1608., 1603., 1759., 1600., 1590., 1607., 1592., 1538., 894., 915., 820., 807., 819., 805., 805., 804., 803., 821., 804., 803., 853., 912., 812., 804., 804., 804., 804., 817., 805., 803., 805., 811., 840., 905., 853., 830.}","{85., 59., 56., 56., 55., 56., 55., 56., 55., 55., 55., 55., 56., 55., 56., 55., 55., 56., 55., 56., 56., 55., 56., 56., 55., 55., 55., 55., 55., 56., 55., 56., 63., 56., 56., 56., 55., 55., 56., 55., 56., 55., 55., 56., 55., 56., 55., 56., 56., 55.}",""
185,193,"stage3_unit11/bn3","stage3_unit12/relu2",8,"stage3_unit11/bn3-stage3_unit11/relu3-stage3_unit11/conv3-stage3_unit11/_plus_stage3_unit11-stage3_unit12/bn1-stage3_unit12/relu1-stage3_unit12/conv1-stage3_unit12/bn2-stage3_unit12/relu2","BatchNormalization","Elementwise","List-List-List-List-List-List-List-List-List",48.,49.133300000000006,73.,41.,42.,62.,"","","","","","","","","","{73., 53., 50., 49., 56., 51., 50., 49., 49., 49., 49., 49., 49., 49., 49., 49., 49., 49., 50., 49., 49., 49., 48., 49., 49., 50., 49., 49., 49., 62., 51., 50., 49., 49., 49., 49., 49., 50., 50., 50., 49., 49., 49., 49., 49., 49., 49., 48., 49., 49.}","{62., 46., 43., 43., 42., 41., 41., 42., 42., 42., 41., 42., 42., 42., 41., 42., 42., 42., 42., 42., 42., 42., 42., 42., 42., 51., 44., 42., 42., 42., 42., 42., 42., 42., 42., 42., 43., 41., 41., 42., 42., 42., 42., 42., 41., 41., 43., 42., 42., 42.}",""
186,194,"stage3_unit11/relu3","stage3_unit12/conv2",8,"stage3_unit11/relu3-stage3_unit11/conv3-stage3_unit11/_plus_stage3_unit11-stage3_unit12/bn1-stage3_unit12/relu1-stage3_unit12/conv1-stage3_unit12/bn2-stage3_unit12/relu2-stage3_unit12/conv2","Elementwise","Convolution","List-List-List-List-List-List-List-List-List",41.,42.,61.,804.,812.2333,925.,"","","","","","","","","","{61., 47., 42., 43., 42., 42., 42., 43., 42., 42., 41., 41., 41., 41., 41., 42., 42., 42., 42., 42., 42., 42., 42., 42., 42., 42., 42., 42., 42., 42., 41., 41., 43., 42., 42., 41., 41., 42., 42., 42., 41., 42., 49., 43., 42., 42., 42., 42., 42., 43.}","{910., 823., 829., 811., 809., 806., 806., 820., 807., 804., 841., 909., 834., 807., 806., 818., 806., 817., 807., 807., 804., 805., 826., 925., 833., 804., 819., 808., 805., 804., 804., 818., 805., 804., 804., 914., 863., 805., 805., 804., 805., 821., 808., 808., 808., 807., 823., 905., 879., 822.}",""
187,195,"stage3_unit11/conv3","stage3_unit12/bn3",8,"stage3_unit11/conv3-stage3_unit11/_plus_stage3_unit11-stage3_unit12/bn1-stage3_unit12/relu1-stage3_unit12/conv1-stage3_unit12/bn2-stage3_unit12/relu2-stage3_unit12/conv2-stage3_unit12/bn3","Convolution","BatchNormalization","List-List-List-List-List-List-List-List-List",203.,204.3667,289.,48.,49.,71.,"","","","","","","","","","{289., 217., 209., 205., 205., 204., 204., 204., 203., 203., 204., 203., 203., 242., 230., 229., 229., 229., 230., 206., 205., 204., 204., 204., 207., 204., 204., 204., 204., 204., 204., 203., 204., 203., 206., 204., 203., 203., 210., 205., 205., 204., 204., 203., 204., 204., 205., 203., 203., 203.}","{71., 53., 51., 50., 49., 49., 49., 49., 49., 48., 49., 49., 49., 49., 49., 49., 49., 49., 49., 49., 49., 49., 49., 49., 49., 49., 49., 49., 49., 49., 49., 48., 49., 49., 49., 49., 49., 49., 48., 48., 48., 48., 49., 49., 49., 49., 57., 50., 50., 50.}",""
188,196,"stage3_unit11/_plus_stage3_unit11","stage3_unit12/relu3",8,"stage3_unit11/_plus_stage3_unit11-stage3_unit12/bn1-stage3_unit12/relu1-stage3_unit12/conv1-stage3_unit12/bn2-stage3_unit12/relu2-stage3_unit12/conv2-stage3_unit12/bn3-stage3_unit12/relu3","Threading","Elementwise","List-List-List-List-List-List-List-List-List",124.,124.9667,162.,41.,41.9667,63.,1405.,1419.7667000000001,1602.,1281.,1294.8,1440.,1364.,1377.8,1539.,"{162., 152., 127., 126., 124., 126., 125., 126., 124., 125., 125., 124., 125., 125., 125., 126., 124., 124., 138., 125., 124., 125., 124., 125., 132., 130., 125., 125., 125., 125., 125., 125., 124., 124., 125., 125., 125., 125., 126., 125., 125., 125., 124., 125., 124., 125., 125., 125., 124., 125.}","{63., 46., 43., 42., 42., 43., 42., 42., 42., 42., 43., 41., 41., 41., 41., 41., 41., 42., 42., 42., 42., 42., 42., 42., 42., 42., 42., 41., 41., 42., 42., 43., 42., 41., 41., 42., 41., 42., 42., 42., 42., 42., 42., 42., 42., 42., 43., 42., 42., 42.}","{1602., 1463., 1420., 1411., 1430., 1407., 1586., 1407., 1405., 1431., 1409., 1408., 1420., 1570., 1406., 1418., 1405., 1406., 1418., 1434., 1549., 1411., 1407., 1421., 1407., 1407., 1455., 1525., 1413., 1423., 1406., 1420., 1405., 1449., 1529., 1408., 1406., 1421., 1408., 1405., 1470., 1506., 1406., 1417., 1409., 1421., 1409., 1462., 1529., 1419.}"
189,197,"stage3_unit12/bn1","stage3_unit12/conv3",8,"stage3_unit12/bn1-stage3_unit12/relu1-stage3_unit12/conv1-stage3_unit12/bn2-stage3_unit12/relu2-stage3_unit12/conv2-stage3_unit12/bn3-stage3_unit12/relu3-stage3_unit12/conv3","BatchNormalization","Convolution","List-List-List-List-List-List-List-List-List",117.,118.1667,159.,203.,204.3333,289.,1501.,1522.9667000000002,1677.,1384.,1404.8,1518.,1298.,1318.6333,1388.,"{159., 126., 121., 119., 118., 119., 119., 117., 119., 117., 118., 119., 118., 118., 118., 118., 118., 118., 118., 118., 118., 133., 119., 118., 118., 118., 118., 118., 118., 117., 118., 118., 118., 118., 118., 117., 118., 118., 119., 117., 118., 118., 117., 118., 128., 119., 119., 119., 118., 118.}","{289., 212., 244., 232., 231., 229., 229., 235., 205., 205., 204., 204., 203., 204., 205., 204., 204., 203., 204., 204., 204., 203., 210., 204., 203., 204., 204., 218., 205., 204., 204., 206., 203., 204., 203., 204., 204., 203., 203., 203., 203., 203., 203., 203., 203., 203., 218., 209., 203., 203.}","{1645., 1677., 1566., 1511., 1531., 1506., 1501., 1563., 1617., 1519., 1510., 1503., 1519., 1503., 1639., 1537., 1505., 1522., 1508., 1506., 1568., 1620., 1525., 1508., 1508., 1519., 1506., 1645., 1533., 1512., 1518., 1506., 1503., 1567., 1647., 1524., 1508., 1507., 1517., 1507., 1643., 1534., 1506., 1518., 1508., 1503., 1560., 1617., 1518., 1503.}"
190,198,"stage3_unit12/relu1","stage3_unit12/_plus_stage3_unit12",8,"stage3_unit12/relu1-stage3_unit12/conv1-stage3_unit12/bn2-stage3_unit12/relu2-stage3_unit12/conv2-stage3_unit12/bn3-stage3_unit12/relu3-stage3_unit12/conv3-stage3_unit12/_plus_stage3_unit12","Elementwise","Threading","List-List-List-List-List-List-List-List-List",102.,103.9333,122.,124.,125.33330000000001,158.,"","","","","","","","","","{122., 111., 105., 106., 105., 104., 105., 104., 105., 105., 104., 103., 106., 103., 105., 104., 118., 105., 103., 104., 103., 104., 104., 104., 103., 103., 103., 104., 104., 103., 104., 104., 104., 104., 104., 104., 104., 103., 104., 104., 103., 102., 114., 106., 102., 103., 104., 103., 103., 103.}","{158., 138., 126., 125., 126., 126., 126., 126., 124., 126., 126., 125., 126., 126., 126., 125., 125., 126., 124., 126., 125., 125., 137., 125., 125., 126., 125., 124., 125., 126., 126., 124., 125., 125., 125., 125., 125., 125., 125., 124., 125., 126., 125., 133., 125., 125., 125., 125., 125., 125.}",""
191,199,"stage3_unit12/conv1","stage3_unit13/bn1",8,"stage3_unit12/conv1-stage3_unit12/bn2-stage3_unit12/relu2-stage3_unit12/conv2-stage3_unit12/bn3-stage3_unit12/relu3-stage3_unit12/conv3-stage3_unit12/_plus_stage3_unit12-stage3_unit13/bn1","Convolution","BatchNormalization","List-List-List-List-List-List-List-List-List",228.,230.,315.,119.,119.60000000000001,145.,"","","","","","","","","","{315., 237., 232., 229., 229., 228., 228., 229., 229., 228., 228., 244., 230., 230., 267., 256., 256., 257., 256., 228., 228., 229., 229., 228., 236., 228., 228., 243., 230., 229., 228., 229., 228., 233., 228., 229., 230., 228., 228., 229., 229., 234., 229., 229., 228., 239., 228., 229., 248., 234.}","{145., 126., 123., 120., 119., 121., 120., 120., 120., 120., 119., 120., 119., 119., 119., 119., 119., 120., 119., 120., 120., 119., 134., 121., 119., 120., 119., 120., 120., 120., 119., 120., 120., 119., 119., 119., 119., 120., 119., 120., 119., 119., 120., 119., 120., 120., 119., 120., 120., 119.}",""
192,200,"stage3_unit12/bn2","stage3_unit13/relu1",8,"stage3_unit12/bn2-stage3_unit12/relu2-stage3_unit12/conv2-stage3_unit12/bn3-stage3_unit12/relu3-stage3_unit12/conv3-stage3_unit12/_plus_stage3_unit12-stage3_unit13/bn1-stage3_unit13/relu1","BatchNormalization","Elementwise","List-List-List-List-List-List-List-List-List",48.,49.,72.,99.,100.4667,117.,"","","","","","","","","","{72., 54., 50., 49., 49., 49., 50., 49., 49., 49., 49., 49., 59., 51., 49., 48., 49., 49., 49., 49., 49., 49., 49., 49., 49., 49., 49., 49., 49., 49., 49., 49., 49., 49., 49., 49., 48., 48., 49., 49., 49., 49., 49., 49., 49., 48., 48., 48., 49., 49.}","{117., 105., 101., 101., 101., 101., 101., 100., 101., 100., 100., 100., 100., 100., 101., 101., 100., 101., 101., 100., 101., 100., 100., 101., 100., 100., 100., 101., 101., 102., 100., 112., 101., 99., 100., 100., 100., 100., 100., 101., 99., 100., 99., 100., 100., 101., 100., 101., 101., 101.}",""
193,201,"stage3_unit12/relu2","stage3_unit13/conv1",8,"stage3_unit12/relu2-stage3_unit12/conv2-stage3_unit12/bn3-stage3_unit12/relu3-stage3_unit12/conv3-stage3_unit12/_plus_stage3_unit12-stage3_unit13/bn1-stage3_unit13/relu1-stage3_unit13/conv1","Elementwise","Convolution","List-List-List-List-List-List-List-List-List",41.,42.,61.,227.,228.5333,313.,"","","","","","","","","","{61., 46., 43., 42., 42., 42., 42., 42., 42., 42., 42., 42., 42., 42., 41., 42., 42., 42., 42., 42., 41., 42., 42., 42., 42., 42., 42., 42., 42., 42., 42., 42., 42., 42., 42., 42., 42., 42., 42., 41., 41., 42., 42., 42., 42., 42., 41., 42., 42., 42.}","{313., 252., 232., 229., 230., 228., 229., 227., 228., 228., 228., 227., 228., 268., 256., 255., 256., 269., 247., 230., 228., 228., 228., 228., 228., 228., 228., 228., 228., 228., 227., 228., 228., 228., 233., 241., 229., 227., 228., 228., 228., 228., 235., 228., 227., 228., 228., 228., 227., 228.}",""
194,202,"stage3_unit12/conv2","stage3_unit13/bn2",8,"stage3_unit12/conv2-stage3_unit12/bn3-stage3_unit12/relu3-stage3_unit12/conv3-stage3_unit12/_plus_stage3_unit12-stage3_unit13/bn1-stage3_unit13/relu1-stage3_unit13/conv1-stage3_unit13/bn2","Convolution","BatchNormalization","List-List-List-List-List-List-List-List-List",805.,814.2333,924.,49.,49.4667,73.,"","","","","","","","","","{919., 841., 808., 808., 823., 808., 808., 853., 916., 818., 807., 805., 806., 805., 833., 811., 809., 809., 821., 842., 912., 836., 809., 822., 811., 808., 809., 808., 823., 807., 806., 832., 911., 847., 807., 807., 807., 807., 821., 809., 809., 807., 807., 818., 924., 848., 806., 819., 808., 808.}","{73., 54., 52., 50., 51., 63., 51., 50., 50., 50., 50., 50., 50., 49., 49., 49., 49., 49., 49., 49., 49., 50., 49., 49., 50., 49., 49., 50., 49., 50., 49., 50., 50., 49., 49., 49., 49., 49., 49., 50., 49., 50., 49., 50., 50., 49., 49., 50., 49., 49.}",""
195,203,"stage3_unit12/bn3","stage3_unit13/relu2",8,"stage3_unit12/bn3-stage3_unit12/relu3-stage3_unit12/conv3-stage3_unit12/_plus_stage3_unit12-stage3_unit13/bn1-stage3_unit13/relu1-stage3_unit13/conv1-stage3_unit13/bn2-stage3_unit13/relu2","BatchNormalization","Elementwise","List-List-List-List-List-List-List-List-List",49.,49.3667,73.,41.,41.8667,61.,"","","","","","","","","","{73., 55., 51., 50., 51., 50., 50., 49., 49., 50., 49., 49., 50., 49., 50., 50., 49., 49., 50., 49., 49., 50., 49., 49., 49., 49., 50., 49., 49., 49., 49., 49., 50., 50., 60., 49., 49., 49., 50., 50., 49., 50., 49., 49., 49., 49., 49., 49., 50., 49.}","{61., 46., 43., 43., 42., 42., 41., 42., 42., 42., 41., 41., 42., 42., 41., 41., 41., 41., 41., 42., 42., 41., 42., 41., 42., 42., 42., 42., 42., 42., 42., 42., 53., 44., 42., 42., 42., 42., 41., 42., 42., 41., 42., 42., 42., 41., 42., 42., 41., 42.}",""
196,204,"stage3_unit12/relu3","stage3_unit13/conv2",8,"stage3_unit12/relu3-stage3_unit12/conv3-stage3_unit12/_plus_stage3_unit12-stage3_unit13/bn1-stage3_unit13/relu1-stage3_unit13/conv1-stage3_unit13/bn2-stage3_unit13/relu2-stage3_unit13/conv2","Elementwise","Convolution","List-List-List-List-List-List-List-List-List",41.,42.,60.,803.,811.,924.,"","","","","","","","","","{60., 45., 43., 50., 43., 42., 42., 42., 42., 42., 42., 41., 41., 41., 42., 41., 41., 42., 41., 42., 42., 42., 41., 41., 42., 42., 42., 42., 42., 42., 42., 42., 42., 42., 41., 42., 42., 42., 42., 42., 42., 42., 42., 42., 42., 42., 41., 42., 42., 42.}","{913., 822., 824., 812., 809., 807., 807., 821., 849., 919., 808., 806., 836., 809., 806., 805., 805., 820., 806., 804., 831., 913., 844., 806., 806., 805., 806., 821., 806., 806., 804., 804., 817., 924., 844., 806., 819., 805., 806., 805., 805., 817., 804., 803., 805., 904., 886., 806., 805., 804.}",""
197,205,"stage3_unit12/conv3","stage3_unit13/bn3",8,"stage3_unit12/conv3-stage3_unit12/_plus_stage3_unit12-stage3_unit13/bn1-stage3_unit13/relu1-stage3_unit13/conv1-stage3_unit13/bn2-stage3_unit13/relu2-stage3_unit13/conv2-stage3_unit13/bn3","Convolution","BatchNormalization","List-List-List-List-List-List-List-List-List",203.,204.8333,283.,48.,49.,81.,"","","","","","","","","","{283., 228., 209., 206., 204., 243., 231., 229., 229., 230., 218., 204., 204., 204., 205., 205., 205., 205., 205., 204., 218., 206., 204., 204., 205., 204., 204., 204., 204., 205., 204., 204., 205., 205., 207., 205., 204., 204., 203., 218., 206., 204., 204., 205., 204., 204., 204., 204., 204., 203.}","{81., 54., 51., 49., 49., 49., 49., 49., 48., 49., 48., 48., 48., 49., 57., 50., 49., 49., 49., 49., 49., 49., 49., 49., 49., 49., 49., 49., 48., 48., 48., 49., 49., 49., 49., 49., 49., 49., 49., 48., 49., 49., 49., 49., 49., 49., 49., 49., 49., 49.}",""
198,206,"stage3_unit12/_plus_stage3_unit12","stage3_unit13/relu3",8,"stage3_unit12/_plus_stage3_unit12-stage3_unit13/bn1-stage3_unit13/relu1-stage3_unit13/conv1-stage3_unit13/bn2-stage3_unit13/relu2-stage3_unit13/conv2-stage3_unit13/bn3-stage3_unit13/relu3","Threading","Elementwise","List-List-List-List-List-List-List-List-List",124.,124.86670000000001,165.,41.,41.7667,62.,1405.,1425.8333,1618.,1281.,1300.9667000000002,1453.,1364.,1384.0667,1556.,"{165., 148., 126., 126., 125., 125., 124., 125., 125., 125., 125., 125., 133., 126., 124., 126., 124., 125., 125., 124., 125., 125., 130., 125., 125., 125., 124., 125., 125., 125., 124., 124., 126., 125., 125., 125., 125., 125., 124., 125., 124., 125., 124., 125., 124., 125., 124., 124., 125., 124.}","{62., 46., 43., 42., 42., 41., 41., 42., 42., 41., 42., 41., 42., 41., 41., 42., 42., 42., 41., 42., 41., 41., 42., 42., 42., 42., 41., 41., 42., 41., 42., 48., 44., 42., 42., 41., 41., 42., 42., 41., 41., 41., 42., 42., 42., 42., 42., 42., 42., 42.}","{1618., 1473., 1422., 1411., 1469., 1526., 1409., 1426., 1406., 1419., 1408., 1454., 1536., 1410., 1409., 1423., 1409., 1408., 1479., 1503., 1412., 1408., 1405., 1423., 1410., 1473., 1510., 1406., 1408., 1425., 1412., 1411., 1490., 1488., 1421., 1409., 1409., 1422., 1410., 1487., 1498., 1406., 1406., 1419., 1409., 1410., 1513., 1469., 1418., 1407.}"
199,207,"stage3_unit13/bn1","stage3_unit13/conv3",8,"stage3_unit13/bn1-stage3_unit13/relu1-stage3_unit13/conv1-stage3_unit13/bn2-stage3_unit13/relu2-stage3_unit13/conv2-stage3_unit13/bn3-stage3_unit13/relu3-stage3_unit13/conv3","BatchNormalization","Convolution","List-List-List-List-List-List-List-List-List",118.,119.03330000000001,146.,204.,205.7333,318.,1499.,1517.2,1790.,1381.,1398.1667,1644.,1295.,1311.4667000000002,1472.,"{146., 127., 121., 120., 120., 119., 119., 119., 119., 119., 119., 119., 120., 119., 119., 119., 119., 120., 119., 119., 119., 118., 119., 119., 133., 119., 120., 119., 119., 119., 129., 119., 119., 119., 119., 119., 119., 119., 119., 119., 118., 119., 119., 119., 119., 119., 119., 118., 119., 120.}","{318., 214., 208., 207., 206., 206., 205., 205., 205., 205., 221., 208., 205., 204., 205., 204., 205., 205., 204., 205., 205., 205., 204., 205., 204., 205., 205., 205., 204., 221., 205., 205., 204., 209., 205., 205., 204., 205., 204., 204., 206., 204., 212., 246., 231., 230., 230., 231., 219., 206.}","{1790., 1531., 1534., 1507., 1512., 1504., 1559., 1611., 1501., 1500., 1512., 1500., 1525., 1672., 1499., 1527., 1507., 1507., 1517., 1562., 1618., 1506., 1503., 1515., 1504., 1522., 1675., 1505., 1518., 1505., 1502., 1513., 1562., 1616., 1507., 1505., 1517., 1508., 1521., 1675., 1506., 1518., 1518., 1505., 1517., 1557., 1618., 1506., 1504., 1514.}"
200,208,"stage3_unit13/relu1","stage3_unit13/_plus_stage3_unit13",8,"stage3_unit13/relu1-stage3_unit13/conv1-stage3_unit13/bn2-stage3_unit13/relu2-stage3_unit13/conv2-stage3_unit13/bn3-stage3_unit13/relu3-stage3_unit13/conv3-stage3_unit13/_plus_stage3_unit13","Elementwise","Threading","List-List-List-List-List-List-List-List-List",100.,100.9,126.,124.,125.1333,154.,"","","","","","","","","","{126., 113., 103., 101., 101., 100., 101., 100., 101., 100., 101., 101., 100., 101., 100., 101., 101., 101., 101., 101., 101., 112., 101., 101., 100., 101., 101., 100., 109., 102., 101., 101., 101., 101., 101., 101., 101., 101., 100., 101., 101., 100., 101., 101., 100., 100., 101., 100., 100., 101.}","{154., 134., 126., 126., 126., 125., 125., 126., 125., 126., 125., 125., 125., 125., 125., 125., 124., 126., 124., 126., 126., 125., 125., 126., 125., 125., 136., 125., 124., 125., 125., 125., 133., 125., 125., 125., 126., 125., 125., 125., 125., 125., 125., 125., 125., 124., 125., 125., 125., 124.}",""
201,209,"stage3_unit13/conv1","stage3_unit14/bn1",8,"stage3_unit13/conv1-stage3_unit13/bn2-stage3_unit13/relu2-stage3_unit13/conv2-stage3_unit13/bn3-stage3_unit13/relu3-stage3_unit13/conv3-stage3_unit13/_plus_stage3_unit13-stage3_unit14/bn1","Convolution","BatchNormalization","List-List-List-List-List-List-List-List-List",227.,229.0667,322.,117.,118.56670000000001,143.,"","","","","","","","","","{322., 237., 231., 230., 230., 229., 230., 236., 274., 259., 257., 255., 262., 232., 229., 229., 228., 229., 229., 228., 230., 228., 229., 229., 228., 227., 228., 228., 230., 227., 244., 230., 228., 228., 228., 228., 228., 228., 228., 227., 228., 228., 229., 231., 228., 228., 228., 242., 230., 227.}","{143., 126., 121., 120., 119., 119., 120., 119., 119., 119., 118., 119., 120., 118., 119., 119., 119., 118., 118., 119., 118., 119., 117., 120., 118., 119., 129., 121., 119., 119., 119., 118., 118., 118., 118., 118., 118., 118., 118., 119., 118., 118., 118., 119., 119., 117., 118., 118., 117., 117.}",""
202,210,"stage3_unit13/bn2","stage3_unit14/relu1",8,"stage3_unit13/bn2-stage3_unit13/relu2-stage3_unit13/conv2-stage3_unit13/bn3-stage3_unit13/relu3-stage3_unit13/conv3-stage3_unit13/_plus_stage3_unit13-stage3_unit14/bn1-stage3_unit14/relu1","BatchNormalization","Elementwise","List-List-List-List-List-List-List-List-List",48.,49.,70.,100.,101.30000000000001,119.,"","","","","","","","","","{70., 54., 50., 49., 49., 49., 49., 49., 49., 49., 49., 49., 49., 49., 49., 49., 49., 49., 49., 49., 49., 49., 49., 61., 50., 49., 49., 49., 49., 49., 49., 49., 49., 49., 49., 49., 49., 49., 49., 49., 49., 49., 49., 49., 49., 49., 49., 48., 48., 48.}","{119., 106., 103., 102., 101., 101., 102., 101., 102., 102., 102., 101., 101., 101., 102., 101., 100., 101., 101., 102., 102., 102., 100., 101., 102., 101., 101., 101., 100., 101., 101., 102., 101., 101., 101., 102., 112., 101., 101., 101., 101., 102., 100., 101., 109., 101., 102., 100., 101., 100.}",""
203,211,"stage3_unit13/relu2","stage3_unit14/conv1",8,"stage3_unit13/relu2-stage3_unit13/conv2-stage3_unit13/bn3-stage3_unit13/relu3-stage3_unit13/conv3-stage3_unit13/_plus_stage3_unit13-stage3_unit14/bn1-stage3_unit14/relu1-stage3_unit14/conv1","Elementwise","Convolution","List-List-List-List-List-List-List-List-List",41.,41.9667,61.,227.,229.4,301.,"","","","","","","","","","{61., 47., 43., 43., 42., 42., 42., 42., 41., 42., 42., 42., 42., 42., 41., 41., 42., 41., 42., 41., 42., 42., 42., 42., 42., 41., 41., 42., 42., 42., 42., 41., 42., 42., 42., 42., 42., 41., 42., 42., 42., 42., 42., 41., 42., 42., 41., 42., 42., 42.}","{301., 236., 231., 229., 245., 230., 228., 274., 260., 256., 256., 251., 228., 227., 228., 229., 228., 228., 229., 229., 242., 230., 228., 228., 229., 229., 228., 229., 229., 229., 228., 229., 229., 228., 228., 229., 229., 244., 230., 228., 228., 229., 232., 228., 233., 229., 228., 229., 227., 256.}",""
204,212,"stage3_unit13/conv2","stage3_unit14/bn2",8,"stage3_unit13/conv2-stage3_unit13/bn3-stage3_unit13/relu3-stage3_unit13/conv3-stage3_unit13/_plus_stage3_unit13-stage3_unit14/bn1-stage3_unit14/relu1-stage3_unit14/conv1-stage3_unit14/bn2","Convolution","BatchNormalization","List-List-List-List-List-List-List-List-List",802.,811.5333,945.,48.,48.8333,73.,"","","","","","","","","","{945., 839., 811., 809., 817., 845., 909., 821., 802., 819., 805., 806., 806., 803., 820., 804., 805., 806., 924., 861., 811., 808., 807., 805., 820., 808., 808., 808., 809., 821., 926., 867., 808., 818., 807., 809., 807., 808., 819., 806., 807., 808., 906., 889., 807., 807., 807., 808., 821., 808.}","{73., 53., 51., 51., 49., 49., 49., 49., 49., 49., 49., 49., 49., 50., 49., 62., 51., 49., 49., 48., 49., 49., 48., 48., 48., 48., 49., 49., 49., 48., 49., 49., 49., 48., 50., 49., 49., 48., 48., 49., 49., 49., 48., 48., 49., 49., 48., 48., 48., 48.}",""
205,213,"stage3_unit13/bn3","stage3_unit14/relu2",8,"stage3_unit13/bn3-stage3_unit13/relu3-stage3_unit13/conv3-stage3_unit13/_plus_stage3_unit13-stage3_unit14/bn1-stage3_unit14/relu1-stage3_unit14/conv1-stage3_unit14/bn2-stage3_unit14/relu2","BatchNormalization","Elementwise","List-List-List-List-List-List-List-List-List",49.,49.166700000000006,74.,41.,41.7333,60.,"","","","","","","","","","{74., 54., 51., 50., 49., 49., 49., 50., 49., 50., 49., 50., 49., 49., 49., 49., 49., 49., 49., 49., 49., 49., 50., 49., 50., 49., 50., 49., 49., 49., 49., 49., 50., 49., 50., 49., 49., 49., 49., 49., 49., 49., 49., 49., 62., 51., 50., 49., 49., 49.}","{60., 45., 43., 43., 42., 42., 42., 42., 43., 41., 41., 41., 42., 42., 41., 42., 42., 42., 42., 42., 42., 41., 41., 41., 42., 41., 41., 41., 42., 42., 42., 41., 42., 42., 41., 41., 42., 41., 41., 42., 42., 41., 43., 42., 41., 53., 42., 41., 42., 42.}",""
206,214,"stage3_unit13/relu3","stage3_unit14/conv2",8,"stage3_unit13/relu3-stage3_unit13/conv3-stage3_unit13/_plus_stage3_unit13-stage3_unit14/bn1-stage3_unit14/relu1-stage3_unit14/conv1-stage3_unit14/bn2-stage3_unit14/relu2-stage3_unit14/conv2","Elementwise","Convolution","List-List-List-List-List-List-List-List-List",43.,43.8333,62.,804.,813.4000000000001,927.,"","","","","","","","","","{62., 48., 45., 44., 44., 44., 44., 44., 44., 44., 43., 43., 43., 44., 44., 44., 43., 44., 44., 44., 44., 44., 43., 44., 44., 44., 44., 44., 44., 43., 43., 44., 44., 44., 44., 43., 43., 43., 44., 44., 44., 44., 43., 43., 43., 44., 43., 43., 44., 44.}","{907., 820., 808., 827., 812., 809., 838., 912., 849., 810., 806., 805., 805., 818., 806., 804., 805., 805., 819., 927., 855., 805., 818., 808., 809., 807., 806., 822., 831., 813., 809., 920., 867., 810., 809., 809., 808., 819., 810., 809., 811., 810., 819., 910., 876., 808., 808., 821., 810., 808.}",""
207,215,"stage3_unit13/conv3","stage3_unit14/bn3",8,"stage3_unit13/conv3-stage3_unit13/_plus_stage3_unit13-stage3_unit14/bn1-stage3_unit14/relu1-stage3_unit14/conv1-stage3_unit14/bn2-stage3_unit14/relu2-stage3_unit14/conv2-stage3_unit14/bn3","Convolution","BatchNormalization","List-List-List-List-List-List-List-List-List",202.,204.5,321.,48.,48.8333,72.,"","","","","","","","","","{321., 240., 232., 221., 206., 205., 204., 205., 204., 203., 204., 204., 204., 203., 204., 204., 204., 203., 203., 204., 204., 204., 217., 206., 204., 204., 203., 203., 204., 202., 203., 203., 203., 203., 203., 204., 203., 203., 204., 204., 205., 216., 205., 204., 203., 245., 231., 230., 229., 229.}","{72., 55., 50., 49., 50., 62., 50., 49., 49., 49., 49., 49., 49., 50., 49., 49., 49., 49., 49., 49., 48., 48., 48., 48., 49., 49., 48., 49., 49., 48., 49., 49., 49., 49., 49., 48., 49., 48., 49., 48., 48., 49., 49., 49., 48., 48., 49., 48., 48., 48.}",""
208,216,"stage3_unit13/_plus_stage3_unit13","stage3_unit14/relu3",8,"stage3_unit13/_plus_stage3_unit13-stage3_unit14/bn1-stage3_unit14/relu1-stage3_unit14/conv1-stage3_unit14/bn2-stage3_unit14/relu2-stage3_unit14/conv2-stage3_unit14/bn3-stage3_unit14/relu3","Threading","Elementwise","List-List-List-List-List-List-List-List-List",124.,124.86670000000001,161.,41.,42.,64.,1406.,1426.6333,1613.,1282.,1301.7667000000001,1452.,1365.,1384.6333,1549.,"{161., 146., 128., 126., 125., 125., 124., 126., 125., 125., 124., 125., 125., 125., 124., 126., 125., 125., 124., 125., 125., 125., 125., 125., 135., 126., 125., 125., 124., 125., 124., 125., 125., 125., 125., 124., 125., 124., 125., 124., 125., 125., 124., 126., 124., 125., 124., 124., 125., 124.}","{64., 46., 43., 42., 42., 41., 42., 42., 42., 43., 42., 42., 42., 42., 42., 41., 41., 42., 42., 42., 42., 42., 42., 42., 42., 42., 42., 42., 42., 42., 41., 42., 42., 42., 42., 42., 42., 42., 42., 42., 42., 42., 42., 42., 42., 42., 42., 42., 41., 42.}","{1613., 1463., 1424., 1475., 1514., 1409., 1408., 1446., 1411., 1408., 1501., 1493., 1420., 1410., 1409., 1422., 1408., 1495., 1488., 1406., 1407., 1422., 1409., 1408., 1520., 1475., 1421., 1411., 1407., 1418., 1412., 1515., 1486., 1410., 1411., 1426., 1411., 1416., 1529., 1445., 1420., 1417., 1408., 1421., 1408., 1534., 1449., 1412., 1410., 1417.}"
209,217,"stage3_unit14/bn1","stage3_unit14/conv3",8,"stage3_unit14/bn1-stage3_unit14/relu1-stage3_unit14/conv1-stage3_unit14/bn2-stage3_unit14/relu2-stage3_unit14/conv2-stage3_unit14/bn3-stage3_unit14/relu3-stage3_unit14/conv3","BatchNormalization","Convolution","List-List-List-List-List-List-List-List-List",116.,117.2333,141.,203.,204.9,287.,1502.,1521.2667000000001,1677.,1386.,1404.0333,1536.,1299.,1316.3667,1390.,"{141., 125., 119., 118., 117., 117., 117., 117., 117., 118., 116., 118., 116., 117., 117., 117., 117., 123., 118., 117., 118., 118., 117., 117., 116., 117., 117., 130., 117., 117., 117., 117., 117., 116., 117., 118., 118., 117., 117., 117., 117., 118., 118., 117., 117., 117., 118., 118., 117., 117.}","{287., 213., 208., 206., 205., 205., 204., 205., 204., 204., 204., 204., 220., 207., 205., 204., 204., 204., 204., 204., 204., 204., 205., 204., 204., 205., 210., 204., 205., 205., 204., 217., 206., 203., 204., 249., 231., 229., 230., 236., 204., 205., 204., 208., 204., 204., 204., 204., 207., 204.}","{1677., 1539., 1530., 1506., 1503., 1585., 1595., 1529., 1505., 1504., 1517., 1504., 1673., 1522., 1502., 1518., 1505., 1504., 1588., 1597., 1518., 1509., 1506., 1519., 1506., 1661., 1523., 1507., 1518., 1507., 1505., 1577., 1601., 1527., 1504., 1505., 1543., 1513., 1664., 1522., 1508., 1520., 1507., 1504., 1589., 1596., 1522., 1508., 1507., 1520.}"
210,218,"stage3_unit14/relu1","stage3_unit14/_plus_stage3_unit14",8,"stage3_unit14/relu1-stage3_unit14/conv1-stage3_unit14/bn2-stage3_unit14/relu2-stage3_unit14/conv2-stage3_unit14/bn3-stage3_unit14/relu3-stage3_unit14/conv3-stage3_unit14/_plus_stage3_unit14","Elementwise","Threading","List-List-List-List-List-List-List-List-List",100.,100.86670000000001,125.,124.,124.9333,156.,"","","","","","","","","","{125., 116., 105., 102., 100., 100., 101., 100., 100., 101., 101., 101., 101., 102., 102., 101., 101., 102., 101., 100., 101., 101., 101., 101., 101., 114., 102., 101., 100., 100., 101., 100., 101., 100., 101., 101., 102., 101., 101., 101., 101., 101., 100., 100., 100., 100., 101., 101., 100., 101.}","{156., 133., 126., 125., 125., 125., 125., 124., 125., 124., 125., 125., 124., 125., 124., 125., 124., 125., 124., 125., 132., 125., 125., 124., 125., 126., 125., 124., 125., 125., 136., 126., 126., 125., 125., 124., 125., 124., 126., 124., 125., 125., 125., 125., 124., 125., 125., 125., 125., 125.}",""
211,219,"stage3_unit14/conv1","stage3_unit15/bn1",8,"stage3_unit14/conv1-stage3_unit14/bn2-stage3_unit14/relu2-stage3_unit14/conv2-stage3_unit14/bn3-stage3_unit14/relu3-stage3_unit14/conv3-stage3_unit14/_plus_stage3_unit14-stage3_unit15/bn1","Convolution","BatchNormalization","List-List-List-List-List-List-List-List-List",227.,231.,316.,116.,117.,142.,"","","","","","","","","","{316., 266., 260., 257., 256., 277., 228., 229., 228., 229., 233., 229., 228., 228., 229., 242., 230., 228., 229., 229., 228., 228., 228., 229., 228., 228., 228., 228., 229., 228., 228., 228., 243., 230., 229., 227., 229., 229., 227., 228., 227., 228., 228., 229., 269., 257., 256., 256., 263., 240.}","{142., 126., 119., 118., 118., 117., 117., 117., 117., 117., 117., 117., 117., 116., 117., 117., 117., 116., 117., 116., 116., 117., 116., 117., 116., 117., 116., 117., 116., 117., 117., 131., 119., 118., 117., 117., 117., 117., 117., 117., 118., 117., 117., 116., 117., 116., 117., 117., 117., 117.}",""
212,220,"stage3_unit14/bn2","stage3_unit15/relu1",8,"stage3_unit14/bn2-stage3_unit14/relu2-stage3_unit14/conv2-stage3_unit14/bn3-stage3_unit14/relu3-stage3_unit14/conv3-stage3_unit14/_plus_stage3_unit14-stage3_unit15/bn1-stage3_unit15/relu1","BatchNormalization","Elementwise","List-List-List-List-List-List-List-List-List",46.,48.7667,70.,100.,100.6333,118.,"","","","","","","","","","{70., 55., 51., 50., 50., 49., 49., 49., 49., 50., 49., 50., 49., 49., 49., 50., 49., 49., 49., 49., 48., 49., 49., 49., 50., 49., 49., 49., 49., 49., 49., 49., 49., 49., 59., 49., 48., 48., 47., 47., 47., 47., 47., 46., 47., 47., 47., 47., 47., 47.}","{118., 104., 102., 116., 101., 101., 101., 101., 100., 101., 100., 100., 100., 100., 100., 100., 100., 101., 101., 101., 100., 101., 100., 100., 101., 100., 101., 100., 100., 101., 107., 101., 101., 101., 101., 101., 101., 100., 100., 100., 101., 100., 114., 101., 101., 101., 100., 100., 101., 100.}",""
213,221,"stage3_unit14/relu2","stage3_unit15/conv1",8,"stage3_unit14/relu2-stage3_unit14/conv2-stage3_unit14/bn3-stage3_unit14/relu3-stage3_unit14/conv3-stage3_unit14/_plus_stage3_unit14-stage3_unit15/bn1-stage3_unit15/relu1-stage3_unit15/conv1","Elementwise","Convolution","List-List-List-List-List-List-List-List-List",41.,41.5,59.,227.,231.3667,314.,"","","","","","","","","","{59., 45., 42., 42., 42., 42., 42., 42., 41., 41., 41., 41., 41., 42., 41., 42., 41., 41., 42., 41., 41., 42., 42., 41., 41., 41., 42., 42., 42., 41., 41., 42., 42., 41., 41., 42., 41., 41., 42., 42., 41., 41., 42., 41., 42., 41., 41., 42., 41., 42.}","{314., 281., 261., 257., 256., 251., 236., 229., 228., 229., 228., 232., 228., 229., 228., 228., 236., 229., 228., 229., 229., 228., 227., 244., 231., 229., 229., 228., 229., 228., 229., 228., 228., 228., 228., 228., 228., 228., 229., 228., 243., 229., 228., 255., 256., 256., 256., 266., 240., 227.}",""
214,222,"stage3_unit14/conv2","stage3_unit15/bn2",8,"stage3_unit14/conv2-stage3_unit14/bn3-stage3_unit14/relu3-stage3_unit14/conv3-stage3_unit14/_plus_stage3_unit14-stage3_unit15/bn1-stage3_unit15/relu1-stage3_unit15/conv1-stage3_unit15/bn2","Convolution","BatchNormalization","List-List-List-List-List-List-List-List-List",804.,811.4667000000001,939.,48.,49.2,74.,"","","","","","","","","","{939., 843., 812., 809., 918., 869., 807., 808., 808., 807., 819., 805., 806., 804., 804., 820., 902., 879., 807., 804., 816., 804., 804., 804., 804., 821., 808., 806., 887., 893., 809., 807., 808., 807., 821., 808., 809., 807., 808., 818., 879., 893., 807., 808., 818., 809., 811., 815., 810., 822.}","{74., 56., 51., 50., 50., 49., 49., 49., 50., 50., 50., 49., 50., 49., 49., 50., 49., 50., 49., 49., 48., 49., 49., 49., 49., 49., 49., 63., 51., 49., 49., 49., 49., 49., 49., 49., 49., 49., 48., 48., 49., 48., 57., 50., 49., 50., 49., 49., 49., 49.}",""
215,223,"stage3_unit14/bn3","stage3_unit15/relu2",8,"stage3_unit14/bn3-stage3_unit14/relu3-stage3_unit14/conv3-stage3_unit14/_plus_stage3_unit14-stage3_unit15/bn1-stage3_unit15/relu1-stage3_unit15/conv1-stage3_unit15/bn2-stage3_unit15/relu2","BatchNormalization","Elementwise","List-List-List-List-List-List-List-List-List",46.,59.7,96.,48.,49.033300000000004,75.,"","","","","","","","","","{72., 52., 48., 48., 47., 46., 46., 47., 47., 46., 46., 47., 46., 46., 46., 46., 46., 47., 46., 46., 47., 47., 47., 96., 69., 68., 68., 69., 68., 68., 68., 68., 68., 68., 68., 68., 68., 68., 68., 68., 68., 68., 68., 68., 68., 68., 68., 69., 71., 65.}","{75., 51., 50., 50., 49., 49., 49., 49., 49., 49., 49., 49., 49., 48., 48., 49., 49., 49., 49., 49., 49., 48., 49., 48., 49., 48., 49., 48., 48., 49., 48., 49., 49., 48., 49., 49., 49., 49., 49., 49., 48., 48., 63., 52., 51., 51., 51., 50., 50., 51.}",""
216,224,"stage3_unit14/relu3","stage3_unit15/conv2",8,"stage3_unit14/relu3-stage3_unit14/conv3-stage3_unit14/_plus_stage3_unit14-stage3_unit15/bn1-stage3_unit15/relu1-stage3_unit15/conv1-stage3_unit15/bn2-stage3_unit15/relu2-stage3_unit15/conv2","Elementwise","Convolution","List-List-List-List-List-List-List-List-List",50.,51.,71.,808.,1439.5333,1751.,"","","","","","","","","","{71., 53., 52., 52., 51., 52., 51., 50., 51., 51., 51., 51., 51., 51., 50., 51., 51., 51., 51., 52., 51., 50., 51., 51., 51., 51., 51., 51., 51., 51., 51., 51., 51., 51., 51., 51., 51., 51., 51., 51., 51., 51., 52., 51., 51., 51., 51., 51., 51., 51.}","{1640., 1649., 1699., 1621., 1603., 1607., 1614., 1606., 1751., 1581., 1608., 1588., 1587., 1611., 1728., 1596., 1620., 1595., 1623., 1592., 1720., 1628., 1571., 1610., 1568., 1591., 1718., 1638., 1614., 1586., 1587., 1593., 1662., 1321., 831., 815., 829., 820., 834., 813., 812., 809., 810., 827., 930., 840., 808., 829., 815., 817.}",""
217,225,"stage3_unit14/conv3","stage3_unit15/bn3",8,"stage3_unit14/conv3-stage3_unit14/_plus_stage3_unit14-stage3_unit15/bn1-stage3_unit15/relu1-stage3_unit15/conv1-stage3_unit15/bn2-stage3_unit15/relu2-stage3_unit15/conv2-stage3_unit15/bn3","Convolution","BatchNormalization","List-List-List-List-List-List-List-List-List",211.,214.26670000000001,286.,45.,46.,69.,"","","","","","","","","","{286., 241., 223., 213., 213., 213., 213., 238., 216., 213., 213., 213., 212., 213., 213., 214., 212., 213., 212., 212., 212., 212., 212., 213., 212., 212., 231., 213., 212., 251., 240., 238., 237., 247., 212., 213., 211., 212., 212., 212., 212., 212., 211., 228., 214., 213., 212., 230., 228., 215.}","{69., 51., 48., 55., 54., 46., 46., 46., 46., 46., 46., 47., 46., 46., 47., 46., 46., 45., 46., 46., 46., 46., 46., 45., 46., 46., 46., 45., 46., 46., 47., 45., 46., 46., 46., 46., 46., 46., 46., 46., 46., 46., 46., 46., 46., 45., 46., 46., 46., 46.}",""
218,226,"stage3_unit14/_plus_stage3_unit14","stage3_unit15/relu3",8,"stage3_unit14/_plus_stage3_unit14-stage3_unit15/bn1-stage3_unit15/relu1-stage3_unit15/conv1-stage3_unit15/bn2-stage3_unit15/relu2-stage3_unit15/conv2-stage3_unit15/bn3-stage3_unit15/relu3","Threading","Elementwise","List-List-List-List-List-List-List-List-List",121.,121.9,162.,42.,42.4333,65.,1403.,1427.0333,1621.,1282.,1305.1333,1459.,1361.,1384.6000000000001,1556.,"{162., 142., 124., 123., 123., 122., 122., 122., 134., 122., 122., 121., 123., 121., 122., 122., 121., 122., 137., 123., 122., 122., 122., 122., 121., 122., 122., 122., 121., 122., 121., 121., 122., 121., 122., 122., 121., 122., 121., 122., 121., 122., 132., 123., 122., 121., 122., 121., 122., 121.}","{65., 48., 44., 43., 43., 43., 42., 42., 43., 42., 42., 42., 42., 43., 42., 43., 42., 43., 42., 50., 43., 42., 43., 42., 43., 42., 43., 42., 43., 42., 42., 42., 42., 43., 42., 42., 42., 42., 42., 43., 42., 43., 42., 42., 42., 43., 42., 52., 44., 43.}","{1621., 1475., 1421., 1405., 1530., 1492., 1424., 1412., 1417., 1440., 1408., 1497., 1488., 1408., 1408., 1429., 1406., 1403., 1523., 1478., 1426., 1413., 1411., 1427., 1412., 1521., 1466., 1409., 1409., 1433., 1413., 1423., 1533., 1432., 1426., 1412., 1415., 1424., 1407., 1537., 1458., 1408., 1416., 1416., 1406., 1425., 1562., 1422., 1424., 1412.}"
219,227,"stage3_unit15/bn1","stage3_unit15/conv3",8,"stage3_unit15/bn1-stage3_unit15/relu1-stage3_unit15/conv1-stage3_unit15/bn2-stage3_unit15/relu2-stage3_unit15/conv2-stage3_unit15/bn3-stage3_unit15/relu3-stage3_unit15/conv3","BatchNormalization","Convolution","List-List-List-List-List-List-List-List-List",116.,117.7,144.,205.,206.7333,290.,1501.,1519.1667,1778.,1385.,1401.4667000000002,1634.,1296.,1312.4333000000001,1488.,"{144., 125., 120., 118., 118., 118., 118., 118., 118., 117., 118., 117., 118., 118., 118., 118., 118., 118., 118., 118., 129., 118., 118., 117., 117., 117., 126., 118., 118., 117., 117., 118., 117., 117., 117., 117., 118., 116., 118., 118., 118., 117., 117., 117., 117., 117., 118., 117., 117., 118.}","{290., 215., 209., 207., 208., 212., 207., 206., 223., 207., 207., 206., 206., 206., 206., 206., 206., 206., 207., 206., 210., 206., 205., 206., 206., 206., 205., 222., 208., 206., 205., 205., 205., 205., 206., 205., 205., 205., 205., 205., 244., 232., 231., 231., 242., 231., 207., 206., 206., 206.}","{1778., 1539., 1534., 1510., 1519., 1503., 1627., 1556., 1504., 1520., 1511., 1507., 1517., 1668., 1501., 1514., 1505., 1517., 1507., 1619., 1578., 1503., 1532., 1507., 1506., 1528., 1658., 1504., 1520., 1506., 1517., 1503., 1619., 1560., 1507., 1533., 1508., 1503., 1517., 1660., 1506., 1530., 1507., 1520., 1506., 1621., 1556., 1503., 1516., 1508.}"
220,228,"stage3_unit15/relu1","stage3_unit15/_plus_stage3_unit15",8,"stage3_unit15/relu1-stage3_unit15/conv1-stage3_unit15/bn2-stage3_unit15/relu2-stage3_unit15/conv2-stage3_unit15/bn3-stage3_unit15/relu3-stage3_unit15/conv3-stage3_unit15/_plus_stage3_unit15","Elementwise","Threading","List-List-List-List-List-List-List-List-List",101.,102.,124.,126.,127.03330000000001,158.,"","","","","","","","","","{124., 115., 103., 102., 102., 102., 101., 102., 101., 102., 101., 102., 102., 101., 102., 112., 102., 101., 102., 102., 102., 101., 101., 104., 102., 102., 102., 102., 102., 102., 102., 102., 102., 102., 102., 102., 102., 102., 102., 102., 102., 102., 101., 103., 102., 102., 102., 102., 102., 102.}","{158., 138., 128., 129., 127., 127., 127., 127., 127., 127., 127., 128., 126., 128., 126., 127., 127., 127., 127., 127., 127., 138., 128., 127., 127., 127., 127., 134., 128., 127., 127., 127., 127., 127., 127., 126., 127., 127., 126., 127., 127., 127., 128., 126., 127., 126., 127., 127., 127., 126.}",""
221,229,"stage3_unit15/conv1","stage3_unit16/bn1",8,"stage3_unit15/conv1-stage3_unit15/bn2-stage3_unit15/relu2-stage3_unit15/conv2-stage3_unit15/bn3-stage3_unit15/relu3-stage3_unit15/conv3-stage3_unit15/_plus_stage3_unit15-stage3_unit16/bn1","Convolution","BatchNormalization","List-List-List-List-List-List-List-List-List",229.,232.3,321.,114.,116.30000000000001,140.,"","","","","","","","","","{321., 239., 233., 233., 231., 274., 260., 259., 258., 254., 242., 232., 231., 230., 230., 231., 230., 230., 231., 231., 230., 230., 230., 230., 230., 231., 230., 246., 233., 231., 231., 230., 230., 230., 239., 231., 230., 230., 232., 230., 231., 229., 230., 230., 244., 232., 230., 269., 258., 257.}","{140., 124., 116., 116., 115., 115., 114., 115., 115., 114., 114., 115., 115., 115., 114., 115., 114., 114., 114., 114., 134., 120., 118., 117., 118., 117., 117., 117., 117., 116., 116., 117., 116., 118., 117., 117., 117., 117., 117., 117., 117., 116., 117., 117., 118., 116., 117., 116., 117., 116.}",""
222,230,"stage3_unit15/bn2","stage3_unit16/relu1",8,"stage3_unit15/bn2-stage3_unit15/relu2-stage3_unit15/conv2-stage3_unit15/bn3-stage3_unit15/relu3-stage3_unit15/conv3-stage3_unit15/_plus_stage3_unit15-stage3_unit16/bn1-stage3_unit16/relu1","BatchNormalization","Elementwise","List-List-List-List-List-List-List-List-List",48.,48.8333,71.,99.,100.36670000000001,118.,"","","","","","","","","","{71., 55., 51., 49., 48., 49., 49., 49., 49., 60., 49., 48., 49., 49., 49., 48., 49., 49., 49., 48., 48., 49., 49., 48., 48., 49., 49., 49., 49., 48., 49., 49., 48., 48., 49., 49., 48., 49., 49., 48., 49., 49., 49., 48., 49., 49., 48., 49., 48., 49.}","{118., 104., 101., 101., 101., 100., 100., 100., 100., 100., 101., 100., 100., 100., 100., 101., 100., 101., 101., 100., 101., 101., 100., 100., 101., 100., 101., 101., 100., 100., 110., 100., 101., 100., 99., 100., 100., 108., 101., 101., 101., 100., 100., 100., 100., 100., 101., 100., 100., 100.}",""
223,231,"stage3_unit15/relu2","stage3_unit16/conv1",8,"stage3_unit15/relu2-stage3_unit15/conv2-stage3_unit15/bn3-stage3_unit15/relu3-stage3_unit15/conv3-stage3_unit15/_plus_stage3_unit15-stage3_unit16/bn1-stage3_unit16/relu1-stage3_unit16/conv1","Elementwise","Convolution","List-List-List-List-List-List-List-List-List",41.,41.4667,59.,228.,230.76670000000001,318.,"","","","","","","","","","{59., 46., 43., 42., 42., 42., 42., 42., 41., 41., 42., 42., 41., 42., 41., 41., 42., 41., 41., 41., 42., 42., 42., 41., 41., 41., 41., 42., 41., 41., 42., 41., 41., 42., 41., 41., 41., 41., 41., 42., 41., 41., 42., 41., 42., 41., 41., 42., 49., 42.}","{318., 250., 232., 230., 273., 258., 256., 257., 263., 229., 228., 229., 229., 229., 228., 228., 229., 245., 230., 229., 229., 228., 229., 228., 230., 229., 228., 228., 229., 228., 228., 228., 229., 228., 239., 237., 228., 229., 228., 229., 228., 228., 228., 229., 228., 228., 256., 257., 256., 256.}",""
224,232,"stage3_unit15/conv2","stage3_unit16/bn2",8,"stage3_unit15/conv2-stage3_unit15/bn3-stage3_unit15/relu3-stage3_unit15/conv3-stage3_unit15/_plus_stage3_unit15-stage3_unit16/bn1-stage3_unit16/relu1-stage3_unit16/conv1-stage3_unit16/bn2","Convolution","BatchNormalization","List-List-List-List-List-List-List-List-List",799.,812.7,961.,50.,50.4667,76.,"","","","","","","","","","{938., 840., 813., 806., 827., 926., 845., 806., 819., 806., 805., 804., 803., 816., 803., 799., 802., 961., 865., 808., 806., 808., 808., 822., 809., 807., 807., 807., 825., 915., 867., 810., 817., 812., 811., 821., 809., 822., 810., 807., 808., 903., 885., 811., 807., 809., 809., 821., 811., 810.}","{76., 57., 52., 51., 51., 51., 51., 50., 50., 50., 50., 51., 50., 50., 51., 50., 51., 50., 51., 50., 51., 50., 51., 50., 51., 50., 51., 50., 50., 51., 50., 51., 51., 50., 51., 50., 51., 50., 51., 50., 51., 50., 51., 50., 51., 50., 50., 50., 50., 50.}",""
225,233,"stage3_unit15/bn3","stage3_unit16/relu2",8,"stage3_unit15/bn3-stage3_unit15/relu3-stage3_unit15/conv3-stage3_unit15/_plus_stage3_unit15-stage3_unit16/bn1-stage3_unit16/relu1-stage3_unit16/conv1-stage3_unit16/bn2-stage3_unit16/relu2","BatchNormalization","Elementwise","List-List-List-List-List-List-List-List-List",50.,50.4333,75.,43.,43.533300000000004,62.,"","","","","","","","","","{75., 55., 53., 51., 51., 51., 52., 51., 51., 51., 51., 50., 50., 50., 50., 50., 50., 50., 50., 50., 50., 50., 51., 51., 50., 61., 53., 50., 50., 50., 51., 51., 50., 50., 50., 51., 50., 51., 50., 50., 50., 50., 50., 51., 50., 50., 51., 51., 50., 51.}","{62., 49., 46., 44., 43., 44., 44., 44., 44., 44., 43., 44., 44., 43., 43., 44., 43., 44., 43., 43., 43., 56., 44., 43., 44., 43., 44., 43., 44., 43., 43., 43., 43., 44., 44., 44., 43., 43., 43., 44., 43., 44., 43., 43., 44., 43., 44., 43., 43., 44.}",""
226,234,"stage3_unit15/relu3","stage3_unit16/conv2",8,"stage3_unit15/relu3-stage3_unit15/conv3-stage3_unit15/_plus_stage3_unit15-stage3_unit16/bn1-stage3_unit16/relu1-stage3_unit16/conv1-stage3_unit16/bn2-stage3_unit16/relu2-stage3_unit16/conv2","Elementwise","Convolution","List-List-List-List-List-List-List-List-List",43.,43.4667,61.,804.,1472.3000000000002,1752.,"","","","","","","","","","{61., 47., 45., 44., 44., 44., 43., 43., 44., 43., 43., 44., 43., 43., 43., 44., 43., 43., 43., 44., 43., 44., 43., 44., 43., 43., 43., 44., 43., 44., 44., 43., 44., 43., 44., 44., 43., 43., 43., 44., 43., 44., 43., 43., 43., 44., 44., 44., 43., 44.}","{919., 823., 826., 805., 804., 869., 913., 808., 806., 805., 807., 819., 805., 805., 817., 1640., 1734., 1595., 1612., 1601., 1604., 1586., 1708., 1642., 1561., 1602., 1570., 1598., 1690., 1663., 1578., 1567., 1590., 1623., 1640., 1687., 1583., 1592., 1610., 1598., 1602., 1737., 1595., 1597., 1563., 1609., 1598., 1752., 1593., 1592.}",""
227,235,"stage3_unit15/conv3","stage3_unit16/bn3",8,"stage3_unit15/conv3-stage3_unit15/_plus_stage3_unit15-stage3_unit16/bn1-stage3_unit16/relu1-stage3_unit16/conv1-stage3_unit16/bn2-stage3_unit16/relu2-stage3_unit16/conv2-stage3_unit16/bn3","Convolution","BatchNormalization","List-List-List-List-List-List-List-List-List",356.,361.6,435.,65.,66.10000000000001,96.,"","","","","","","","","","{435., 397., 403., 402., 398., 358., 359., 359., 359., 359., 374., 359., 360., 358., 358., 356., 359., 357., 357., 358., 358., 372., 359., 358., 359., 358., 369., 368., 369., 417., 402., 397., 374., 360., 361., 360., 361., 360., 362., 359., 359., 359., 359., 372., 361., 360., 362., 362., 361., 360.}","{96., 70., 67., 66., 66., 66., 66., 66., 66., 67., 67., 66., 66., 66., 67., 66., 66., 67., 66., 66., 66., 66., 66., 66., 66., 67., 66., 66., 66., 66., 67., 66., 66., 66., 72., 67., 66., 66., 66., 66., 66., 66., 66., 66., 67., 66., 67., 66., 65., 66.}",""
228,236,"stage3_unit15/_plus_stage3_unit15","stage3_unit16/relu3",8,"stage3_unit15/_plus_stage3_unit15-stage3_unit16/bn1-stage3_unit16/relu1-stage3_unit16/conv1-stage3_unit16/bn2-stage3_unit16/relu2-stage3_unit16/conv2-stage3_unit16/bn3-stage3_unit16/relu3","Threading","Elementwise","List-List-List-List-List-List-List-List-List",143.,146.3667,188.,43.,43.8333,65.,1403.,1444.7333,2944.,1260.,1298.3667,2756.,1360.,1400.9,2879.,"{188., 168., 147., 146., 147., 146., 146., 146., 146., 146., 159., 147., 146., 145., 146., 162., 146., 147., 146., 147., 146., 147., 146., 147., 147., 146., 147., 146., 147., 147., 146., 147., 146., 147., 146., 146., 146., 157., 145., 143., 144., 144., 144., 145., 144., 144., 165., 156., 146., 147.}","{65., 48., 45., 44., 44., 45., 43., 44., 44., 43., 44., 44., 44., 44., 43., 43., 44., 44., 44., 44., 44., 43., 43., 44., 43., 43., 44., 43., 43., 44., 44., 44., 44., 44., 43., 43., 44., 44., 44., 44., 44., 44., 44., 44., 44., 43., 44., 44., 43., 43.}","{2944., 2844., 2934., 2745., 2791., 2811., 2877., 2807., 2796., 2853., 1444., 1410., 1433., 1406., 1406., 1460., 1537., 1407., 1420., 1406., 1413., 1411., 1450., 1551., 1423., 1407., 1418., 1409., 1407., 1468., 1525., 1408., 1417., 1404., 1458., 1412., 1470., 1515., 1405., 1404., 1429., 1403., 1406., 1492., 1500., 1419., 1407., 1408., 1419., 1409.}"
229,237,"stage3_unit16/bn1","stage3_unit16/conv3",8,"stage3_unit16/bn1-stage3_unit16/relu1-stage3_unit16/conv1-stage3_unit16/bn2-stage3_unit16/relu2-stage3_unit16/conv2-stage3_unit16/bn3-stage3_unit16/relu3-stage3_unit16/conv3","BatchNormalization","Convolution","List-List-List-List-List-List-List-List-List",119.,119.53330000000001,146.,204.,205.4667,283.,1501.,1516.5333,1695.,1382.,1397.,1549.,1297.,1311.0667,1412.,"{146., 127., 121., 121., 121., 119., 120., 119., 120., 120., 119., 120., 120., 119., 119., 119., 119., 120., 119., 120., 120., 119., 125., 120., 120., 119., 120., 119., 120., 120., 119., 119., 119., 119., 119., 119., 119., 120., 120., 120., 120., 119., 119., 120., 119., 120., 120., 119., 119., 119.}","{283., 213., 207., 206., 206., 205., 206., 204., 222., 207., 205., 204., 204., 205., 205., 204., 206., 205., 204., 204., 205., 231., 232., 230., 230., 229., 227., 222., 207., 205., 206., 204., 205., 204., 204., 204., 206., 204., 204., 204., 205., 204., 204., 205., 204., 204., 218., 206., 205., 205.}","{1665., 1545., 1537., 1513., 1681., 1504., 1503., 1524., 1506., 1502., 1664., 1552., 1519., 1503., 1504., 1520., 1520., 1682., 1507., 1505., 1519., 1505., 1507., 1636., 1546., 1515., 1505., 1505., 1519., 1507., 1695., 1504., 1502., 1518., 1509., 1506., 1639., 1559., 1520., 1508., 1507., 1519., 1507., 1679., 1507., 1501., 1519., 1505., 1503., 1631.}"
230,238,"stage3_unit16/relu1","stage3_unit16/_plus_stage3_unit16",8,"stage3_unit16/relu1-stage3_unit16/conv1-stage3_unit16/bn2-stage3_unit16/relu2-stage3_unit16/conv2-stage3_unit16/bn3-stage3_unit16/relu3-stage3_unit16/conv3-stage3_unit16/_plus_stage3_unit16","Elementwise","Threading","List-List-List-List-List-List-List-List-List",99.,100.4,125.,124.,125.6333,155.,"","","","","","","","","","{125., 111., 101., 101., 100., 101., 101., 101., 101., 100., 100., 100., 101., 101., 100., 100., 100., 115., 102., 100., 100., 101., 100., 101., 101., 100., 100., 100., 101., 100., 101., 100., 99., 101., 100., 100., 100., 101., 100., 101., 100., 100., 100., 100., 100., 100., 99., 100., 101., 101.}","{155., 133., 127., 126., 127., 126., 127., 126., 126., 126., 126., 125., 126., 125., 125., 126., 125., 126., 126., 125., 125., 126., 125., 137., 126., 126., 126., 126., 125., 125., 126., 125., 126., 125., 126., 125., 125., 125., 126., 125., 125., 126., 125., 125., 126., 126., 125., 125., 126., 124.}",""
231,239,"stage3_unit16/conv1","stage3_unit17/bn1",8,"stage3_unit16/conv1-stage3_unit16/bn2-stage3_unit16/relu2-stage3_unit16/conv2-stage3_unit16/bn3-stage3_unit16/relu3-stage3_unit16/conv3-stage3_unit16/_plus_stage3_unit16-stage3_unit17/bn1","Convolution","BatchNormalization","List-List-List-List-List-List-List-List-List",229.,230.3667,321.,116.,117.9667,145.,"","","","","","","","","","{321., 237., 232., 231., 230., 230., 230., 229., 230., 231., 229., 230., 244., 230., 237., 230., 230., 229., 231., 229., 230., 230., 230., 230., 230., 229., 229., 230., 229., 244., 231., 229., 273., 259., 263., 256., 256., 230., 229., 230., 229., 230., 230., 230., 229., 244., 230., 229., 230., 230.}","{145., 127., 121., 121., 121., 120., 120., 120., 120., 120., 119., 120., 121., 120., 119., 119., 117., 117., 116., 118., 117., 117., 117., 117., 132., 119., 118., 118., 117., 117., 127., 118., 118., 117., 118., 117., 117., 117., 117., 117., 117., 117., 117., 117., 117., 117., 117., 117., 117., 117.}",""
232,240,"stage3_unit16/bn2","stage3_unit17/relu1",8,"stage3_unit16/bn2-stage3_unit16/relu2-stage3_unit16/conv2-stage3_unit16/bn3-stage3_unit16/relu3-stage3_unit16/conv3-stage3_unit16/_plus_stage3_unit16-stage3_unit17/bn1-stage3_unit17/relu1","BatchNormalization","Elementwise","List-List-List-List-List-List-List-List-List",49.,49.2667,71.,99.,100.10000000000001,118.,"","","","","","","","","","{71., 55., 51., 51., 49., 50., 50., 50., 49., 50., 49., 50., 49., 50., 49., 49., 49., 64., 50., 49., 50., 49., 50., 49., 49., 50., 49., 49., 49., 49., 49., 49., 49., 49., 50., 49., 49., 50., 49., 49., 50., 49., 49., 49., 49., 49., 49., 49., 49., 49.}","{118., 103., 111., 101., 100., 101., 100., 100., 99., 100., 100., 100., 100., 100., 100., 100., 100., 100., 101., 101., 100., 100., 100., 100., 100., 100., 100., 99., 100., 100., 100., 101., 99., 100., 113., 101., 100., 101., 99., 100., 101., 101., 100., 100., 100., 100., 100., 100., 100., 100.}",""
233,241,"stage3_unit16/relu2","stage3_unit17/conv1",8,"stage3_unit16/relu2-stage3_unit16/conv2-stage3_unit16/bn3-stage3_unit16/relu3-stage3_unit16/conv3-stage3_unit16/_plus_stage3_unit16-stage3_unit17/bn1-stage3_unit17/relu1-stage3_unit17/conv1","Elementwise","Convolution","List-List-List-List-List-List-List-List-List",41.,42.033300000000004,59.,228.,229.60000000000002,311.,"","","","","","","","","","{59., 46., 43., 43., 42., 42., 42., 42., 42., 42., 42., 43., 42., 42., 42., 42., 42., 42., 41., 41., 42., 41., 42., 42., 42., 42., 42., 42., 42., 49., 42., 42., 42., 42., 42., 42., 42., 42., 42., 43., 42., 43., 42., 42., 42., 42., 42., 43., 43., 43.}","{311., 237., 247., 231., 231., 230., 232., 228., 230., 229., 230., 230., 231., 229., 230., 229., 229., 229., 230., 230., 242., 229., 229., 229., 228., 229., 228., 229., 229., 229., 229., 256., 263., 256., 262., 274., 244., 231., 229., 228., 228., 229., 229., 229., 229., 228., 229., 228., 229., 229.}",""
234,242,"stage3_unit16/conv2","stage3_unit17/bn2",8,"stage3_unit16/conv2-stage3_unit16/bn3-stage3_unit16/relu3-stage3_unit16/conv3-stage3_unit16/_plus_stage3_unit16-stage3_unit17/bn1-stage3_unit17/relu1-stage3_unit17/conv1-stage3_unit17/bn2","Convolution","BatchNormalization","List-List-List-List-List-List-List-List-List",804.,813.1333000000001,965.,48.,49.2,74.,"","","","","","","","","","{965., 948., 817., 809., 823., 810., 808., 809., 808., 822., 810., 808., 847., 924., 832., 811., 810., 808., 807., 820., 809., 808., 809., 817., 838., 909., 836., 804., 821., 806., 805., 806., 806., 824., 809., 809., 807., 927., 855., 808., 809., 809., 808., 819., 809., 807., 806., 806., 821., 922.}","{74., 55., 52., 51., 51., 50., 50., 49., 61., 51., 50., 49., 49., 50., 49., 50., 50., 49., 49., 49., 50., 49., 49., 49., 49., 49., 49., 50., 49., 49., 49., 49., 49., 49., 49., 49., 49., 49., 49., 49., 49., 49., 49., 49., 48., 49., 49., 49., 49., 50.}",""
235,243,"stage3_unit16/bn3","stage3_unit17/relu2",8,"stage3_unit16/bn3-stage3_unit16/relu3-stage3_unit16/conv3-stage3_unit16/_plus_stage3_unit16-stage3_unit17/bn1-stage3_unit17/relu1-stage3_unit17/conv1-stage3_unit17/bn2-stage3_unit17/relu2","BatchNormalization","Elementwise","List-List-List-List-List-List-List-List-List",49.,49.3667,75.,42.,42.2333,61.,"","","","","","","","","","{75., 55., 52., 50., 50., 49., 49., 49., 50., 50., 50., 50., 49., 49., 50., 50., 49., 50., 50., 49., 49., 50., 49., 49., 49., 49., 49., 49., 49., 49., 49., 49., 50., 49., 50., 49., 61., 51., 50., 49., 50., 49., 49., 50., 49., 49., 49., 49., 49., 49.}","{61., 46., 42., 43., 42., 42., 42., 50., 43., 42., 42., 43., 42., 42., 43., 42., 43., 42., 42., 42., 42., 43., 42., 43., 42., 43., 43., 42., 42., 43., 42., 43., 42., 42., 42., 43., 54., 42., 42., 42., 42., 42., 43., 42., 42., 42., 42., 42., 42., 42.}",""
236,244,"stage3_unit16/relu3","stage3_unit17/conv2",8,"stage3_unit16/relu3-stage3_unit16/conv3-stage3_unit16/_plus_stage3_unit16-stage3_unit17/bn1-stage3_unit17/relu1-stage3_unit17/conv1-stage3_unit17/bn2-stage3_unit17/relu2-stage3_unit17/conv2","Elementwise","Convolution","List-List-List-List-List-List-List-List-List",42.,42.,60.,801.,810.5667000000001,924.,"","","","","","","","","","{60., 47., 44., 43., 43., 42., 43., 42., 42., 42., 42., 42., 43., 43., 42., 42., 42., 42., 42., 42., 42., 42., 42., 42., 42., 42., 42., 42., 42., 42., 42., 42., 42., 42., 42., 42., 42., 42., 42., 42., 42., 43., 42., 42., 42., 42., 42., 42., 42., 42.}","{912., 887., 913., 821., 807., 806., 805., 820., 805., 807., 805., 804., 815., 846., 919., 806., 805., 822., 807., 804., 806., 801., 818., 805., 803., 831., 907., 843., 805., 802., 804., 803., 822., 809., 806., 806., 805., 816., 924., 847., 807., 818., 808., 808., 806., 819., 817., 806., 808., 806.}",""
237,245,"stage3_unit16/conv3","stage3_unit17/bn3",8,"stage3_unit16/conv3-stage3_unit16/_plus_stage3_unit16-stage3_unit17/bn1-stage3_unit17/relu1-stage3_unit17/conv1-stage3_unit17/bn2-stage3_unit17/relu2-stage3_unit17/conv2-stage3_unit17/bn3","Convolution","BatchNormalization","List-List-List-List-List-List-List-List-List",204.,205.3333,288.,48.,49.,74.,"","","","","","","","","","{288., 216., 223., 207., 207., 206., 205., 205., 205., 205., 206., 205., 205., 205., 204., 205., 205., 204., 205., 204., 205., 220., 206., 204., 205., 244., 230., 230., 229., 241., 205., 206., 204., 205., 206., 205., 205., 204., 205., 204., 282., 207., 204., 204., 205., 205., 204., 204., 205., 205.}","{74., 66., 51., 50., 50., 49., 49., 50., 49., 49., 49., 49., 49., 49., 49., 49., 49., 49., 49., 49., 49., 49., 49., 49., 50., 49., 49., 48., 49., 49., 49., 49., 49., 49., 49., 49., 49., 49., 49., 49., 49., 50., 49., 49., 49., 49., 49., 49., 49., 49.}",""
238,246,"stage3_unit16/_plus_stage3_unit16","stage3_unit17/relu3",8,"stage3_unit16/_plus_stage3_unit16-stage3_unit17/bn1-stage3_unit17/relu1-stage3_unit17/conv1-stage3_unit17/bn2-stage3_unit17/relu2-stage3_unit17/conv2-stage3_unit17/bn3-stage3_unit17/relu3","Threading","Elementwise","List-List-List-List-List-List-List-List-List",124.,125.,167.,41.,42.066700000000004,64.,1405.,1426.1000000000001,1680.,1281.,1301.1000000000001,1513.,1364.,1384.0333,1616.,"{167., 153., 128., 125., 126., 125., 125., 125., 126., 126., 125., 125., 125., 125., 125., 125., 125., 125., 125., 125., 125., 125., 137., 127., 125., 125., 125., 125., 125., 125., 125., 125., 125., 125., 124., 125., 125., 125., 124., 124., 125., 125., 124., 134., 125., 126., 124., 125., 125., 125.}","{64., 48., 44., 44., 43., 43., 42., 42., 43., 42., 43., 42., 42., 42., 43., 42., 42., 42., 42., 42., 42., 43., 42., 42., 42., 42., 42., 43., 42., 42., 42., 42., 42., 43., 42., 42., 42., 42., 42., 42., 42., 42., 42., 42., 41., 42., 42., 42., 42., 42.}","{1680., 1555., 1427., 1412., 1424., 1410., 1408., 1499., 1492., 1429., 1408., 1407., 1421., 1408., 1499., 1480., 1411., 1407., 1418., 1405., 1405., 1514., 1461., 1436., 1411., 1408., 1418., 1406., 1509., 1475., 1416., 1408., 1421., 1435., 1424., 1528., 1455., 1423., 1408., 1408., 1421., 1407., 1534., 1459., 1410., 1409., 1421., 1410., 1422., 1548.}"
239,247,"stage3_unit17/bn1","stage3_unit17/conv3",8,"stage3_unit17/bn1-stage3_unit17/relu1-stage3_unit17/conv1-stage3_unit17/bn2-stage3_unit17/relu2-stage3_unit17/conv2-stage3_unit17/bn3-stage3_unit17/relu3-stage3_unit17/conv3","BatchNormalization","Convolution","List-List-List-List-List-List-List-List-List",117.,118.2667,147.,204.,205.76670000000001,276.,1497.,1522.3000000000002,1651.,1380.,1404.0333,1504.,1293.,1316.5333,1375.,"{147., 127., 119., 119., 119., 119., 118., 119., 119., 119., 118., 118., 119., 118., 118., 118., 119., 119., 118., 119., 118., 118., 118., 132., 120., 118., 118., 118., 118., 117., 118., 118., 118., 119., 118., 118., 118., 118., 118., 118., 118., 118., 118., 119., 119., 118., 118., 118., 118., 118.}","{276., 213., 208., 206., 205., 206., 205., 206., 205., 205., 221., 207., 205., 234., 233., 230., 230., 230., 226., 205., 204., 205., 205., 204., 205., 205., 205., 205., 220., 207., 205., 206., 205., 205., 205., 205., 204., 205., 204., 205., 204., 204., 207., 204., 206., 205., 204., 205., 217., 206.}","{1651., 1540., 1593., 1617., 1527., 1504., 1497., 1511., 1499., 1647., 1528., 1507., 1516., 1501., 1498., 1557., 1613., 1516., 1514., 1518., 1538., 1504., 1642., 1541., 1501., 1517., 1514., 1502., 1558., 1625., 1521., 1506., 1504., 1521., 1508., 1643., 1543., 1502., 1516., 1504., 1508., 1557., 1627., 1516., 1504., 1501., 1513., 1500., 1639., 1542.}"
240,248,"stage3_unit17/relu1","stage3_unit17/_plus_stage3_unit17",8,"stage3_unit17/relu1-stage3_unit17/conv1-stage3_unit17/bn2-stage3_unit17/relu2-stage3_unit17/conv2-stage3_unit17/bn3-stage3_unit17/relu3-stage3_unit17/conv3-stage3_unit17/_plus_stage3_unit17","Elementwise","Threading","List-List-List-List-List-List-List-List-List",100.,101.36670000000001,124.,125.,126.30000000000001,157.,"","","","","","","","","","{124., 114., 103., 102., 101., 102., 101., 102., 101., 102., 101., 102., 102., 102., 102., 101., 102., 101., 102., 102., 114., 102., 102., 101., 101., 101., 101., 101., 101., 101., 102., 101., 100., 100., 101., 101., 101., 101., 102., 101., 101., 101., 101., 101., 101., 100., 102., 101., 101., 102.}","{157., 135., 128., 126., 127., 126., 131., 129., 126., 126., 127., 127., 126., 127., 127., 127., 127., 126., 126., 126., 126., 126., 126., 126., 125., 136., 127., 126., 126., 126., 126., 126., 126., 126., 127., 126., 127., 128., 125., 126., 127., 127., 126., 126., 125., 126., 126., 126., 126., 126.}",""
241,249,"stage3_unit17/conv1","stage3_unit18/bn1",8,"stage3_unit17/conv1-stage3_unit17/bn2-stage3_unit17/relu2-stage3_unit17/conv2-stage3_unit17/bn3-stage3_unit17/relu3-stage3_unit17/conv3-stage3_unit17/_plus_stage3_unit17-stage3_unit18/bn1","Convolution","BatchNormalization","List-List-List-List-List-List-List-List-List",229.,230.2333,309.,116.,117.56670000000001,144.,"","","","","","","","","","{309., 239., 234., 230., 230., 231., 230., 229., 230., 229., 230., 229., 236., 246., 232., 229., 230., 229., 229., 229., 229., 229., 229., 229., 240., 275., 257., 257., 257., 256., 231., 230., 230., 229., 229., 229., 230., 229., 229., 230., 229., 232., 230., 229., 229., 230., 241., 230., 230., 230.}","{144., 125., 119., 118., 118., 117., 118., 118., 117., 118., 117., 117., 118., 118., 116., 118., 127., 120., 117., 118., 118., 117., 118., 118., 117., 118., 117., 126., 117., 118., 117., 118., 117., 117., 117., 118., 117., 117., 118., 118., 117., 117., 117., 117., 117., 118., 118., 118., 117., 117.}",""
242,250,"stage3_unit17/bn2","stage3_unit18/relu1",8,"stage3_unit17/bn2-stage3_unit17/relu2-stage3_unit17/conv2-stage3_unit17/bn3-stage3_unit17/relu3-stage3_unit17/conv3-stage3_unit17/_plus_stage3_unit17-stage3_unit18/bn1-stage3_unit18/relu1","BatchNormalization","Elementwise","List-List-List-List-List-List-List-List-List",49.,49.6,71.,99.,100.7,119.,"","","","","","","","","","{71., 55., 51., 51., 50., 50., 49., 50., 50., 50., 50., 50., 50., 50., 49., 49., 50., 50., 50., 50., 49., 49., 49., 50., 63., 51., 50., 49., 49., 49., 49., 49., 49., 49., 49., 49., 49., 49., 49., 58., 50., 49., 50., 49., 50., 50., 49., 50., 50., 49.}","{119., 105., 102., 101., 101., 101., 101., 101., 101., 101., 101., 101., 101., 100., 101., 100., 100., 101., 101., 101., 100., 101., 101., 101., 100., 101., 100., 101., 101., 100., 100., 100., 101., 99., 101., 100., 100., 114., 100., 101., 100., 101., 100., 101., 101., 101., 100., 100., 100., 100.}",""
243,251,"stage3_unit17/relu2","stage3_unit18/conv1",8,"stage3_unit17/relu2-stage3_unit17/conv2-stage3_unit17/bn3-stage3_unit17/relu3-stage3_unit17/conv3-stage3_unit17/_plus_stage3_unit17-stage3_unit18/bn1-stage3_unit18/relu1-stage3_unit18/conv1","Elementwise","Convolution","List-List-List-List-List-List-List-List-List",41.,42.066700000000004,60.,228.,229.5333,321.,"","","","","","","","","","{60., 46., 43., 43., 43., 43., 42., 42., 42., 42., 42., 43., 43., 42., 42., 42., 42., 42., 42., 42., 42., 42., 42., 41., 42., 42., 42., 42., 42., 43., 42., 42., 42., 42., 42., 42., 43., 42., 42., 42., 42., 43., 42., 42., 42., 43., 42., 42., 42., 42.}","{321., 237., 232., 230., 246., 231., 230., 229., 229., 229., 229., 229., 228., 228., 229., 230., 228., 230., 229., 229., 229., 244., 231., 229., 255., 283., 262., 256., 266., 229., 228., 229., 228., 229., 228., 229., 228., 229., 245., 231., 228., 229., 228., 234., 228., 229., 228., 229., 228., 229.}",""
244,252,"stage3_unit17/conv2","stage3_unit18/bn2",8,"stage3_unit17/conv2-stage3_unit17/bn3-stage3_unit17/relu3-stage3_unit17/conv3-stage3_unit17/_plus_stage3_unit17-stage3_unit18/bn1-stage3_unit18/relu1-stage3_unit18/conv1-stage3_unit18/bn2","Convolution","BatchNormalization","List-List-List-List-List-List-List-List-List",805.,810.9000000000001,945.,48.,49.2667,74.,"","","","","","","","","","{945., 843., 810., 807., 806., 824., 809., 806., 805., 807., 818., 932., 835., 807., 819., 806., 806., 806., 805., 831., 806., 805., 806., 916., 879., 809., 807., 807., 807., 819., 808., 807., 807., 806., 820., 910., 864., 808., 807., 818., 808., 807., 808., 813., 808., 806., 807., 893., 886., 808.}","{74., 55., 52., 49., 50., 50., 50., 50., 50., 50., 50., 49., 49., 49., 50., 49., 49., 50., 49., 62., 51., 49., 49., 49., 49., 49., 50., 50., 49., 50., 49., 49., 49., 49., 49., 49., 49., 50., 49., 49., 49., 49., 49., 48., 49., 49., 49., 49., 49., 49.}",""
245,253,"stage3_unit17/bn3","stage3_unit18/relu2",8,"stage3_unit17/bn3-stage3_unit17/relu3-stage3_unit17/conv3-stage3_unit17/_plus_stage3_unit17-stage3_unit18/bn1-stage3_unit18/relu1-stage3_unit18/conv1-stage3_unit18/bn2-stage3_unit18/relu2","BatchNormalization","Elementwise","List-List-List-List-List-List-List-List-List",48.,49.033300000000004,73.,41.,42.,60.,"","","","","","","","","","{73., 55., 50., 50., 50., 49., 50., 49., 49., 49., 49., 49., 49., 49., 49., 49., 48., 49., 48., 48., 48., 48., 48., 49., 57., 50., 49., 49., 49., 49., 49., 48., 49., 49., 49., 49., 50., 49., 49., 49., 49., 49., 49., 49., 49., 49., 49., 49., 59., 51.}","{60., 46., 43., 42., 43., 42., 43., 41., 41., 42., 42., 42., 43., 42., 42., 42., 42., 42., 41., 41., 42., 42., 42., 42., 42., 42., 42., 42., 42., 42., 41., 41., 42., 42., 42., 43., 42., 42., 42., 42., 42., 42., 42., 41., 41., 42., 42., 42., 42., 42.}",""
246,254,"stage3_unit17/relu3","stage3_unit18/conv2",8,"stage3_unit17/relu3-stage3_unit17/conv3-stage3_unit17/_plus_stage3_unit17-stage3_unit18/bn1-stage3_unit18/relu1-stage3_unit18/conv1-stage3_unit18/bn2-stage3_unit18/relu2-stage3_unit18/conv2","Elementwise","Convolution","List-List-List-List-List-List-List-List-List",41.,42.,61.,803.,811.4000000000001,985.,"","","","","","","","","","{61., 47., 44., 43., 55., 43., 42., 43., 42., 42., 42., 42., 42., 42., 42., 56., 46., 42., 42., 42., 42., 42., 42., 42., 42., 42., 41., 42., 42., 42., 42., 42., 42., 42., 42., 42., 42., 42., 42., 42., 41., 42., 43., 42., 41., 42., 42., 42., 42., 42.}","{985., 871., 808., 826., 812., 806., 808., 807., 823., 808., 804., 806., 915., 868., 808., 807., 803., 806., 819., 807., 806., 803., 804., 820., 904., 870., 806., 805., 818., 808., 817., 807., 806., 818., 806., 804., 888., 894., 807., 807., 805., 806., 824., 811., 809., 810., 805., 817., 881., 891.}",""
247,255,"stage3_unit17/conv3","stage3_unit18/bn3",8,"stage3_unit17/conv3-stage3_unit17/_plus_stage3_unit17-stage3_unit18/bn1-stage3_unit18/relu1-stage3_unit18/conv1-stage3_unit18/bn2-stage3_unit18/relu2-stage3_unit18/conv2-stage3_unit18/bn3","Convolution","BatchNormalization","List-List-List-List-List-List-List-List-List",204.,204.9667,285.,49.,49.1,71.,"","","","","","","","","","{285., 215., 208., 206., 205., 219., 207., 206., 204., 204., 204., 204., 204., 204., 204., 204., 204., 204., 242., 231., 229., 230., 230., 233., 206., 205., 205., 204., 204., 205., 204., 207., 204., 204., 205., 204., 204., 205., 204., 205., 204., 205., 204., 216., 205., 204., 205., 205., 205., 205.}","{71., 54., 51., 50., 50., 49., 50., 50., 49., 50., 49., 49., 50., 59., 51., 50., 49., 49., 49., 49., 49., 49., 49., 49., 49., 49., 49., 50., 49., 49., 49., 49., 49., 49., 49., 49., 49., 49., 49., 49., 49., 49., 49., 49., 49., 49., 49., 49., 49., 49.}",""
248,256,"stage3_unit17/_plus_stage3_unit17","stage3_unit18/relu3",8,"stage3_unit17/_plus_stage3_unit17-stage3_unit18/bn1-stage3_unit18/relu1-stage3_unit18/conv1-stage3_unit18/bn2-stage3_unit18/relu2-stage3_unit18/conv2-stage3_unit18/bn3-stage3_unit18/relu3","Threading","Elementwise","List-List-List-List-List-List-List-List-List",124.,125.1333,163.,41.,42.,63.,1405.,1427.1667,1699.,1281.,1302.0333,1536.,1364.,1385.1667,1636.,"{163., 154., 127., 126., 126., 125., 125., 126., 125., 125., 125., 125., 125., 124., 125., 125., 125., 125., 125., 125., 125., 126., 125., 126., 126., 125., 126., 144., 126., 126., 125., 124., 125., 134., 125., 125., 125., 125., 125., 125., 124., 125., 125., 125., 125., 124., 125., 125., 125., 125.}","{63., 47., 43., 44., 43., 42., 42., 42., 43., 42., 42., 42., 43., 42., 42., 42., 42., 42., 42., 42., 42., 42., 42., 42., 42., 42., 42., 41., 42., 42., 42., 42., 42., 42., 42., 42., 43., 42., 43., 42., 42., 42., 42., 42., 42., 42., 42., 42., 42., 42.}","{1699., 1446., 1430., 1414., 1428., 1407., 1475., 1520., 1407., 1409., 1428., 1409., 1405., 1498., 1496., 1417., 1410., 1410., 1433., 1412., 1495., 1491., 1411., 1407., 1428., 1411., 1410., 1522., 1478., 1420., 1409., 1408., 1422., 1408., 1511., 1470., 1407., 1408., 1426., 1409., 1424., 1522., 1450., 1434., 1410., 1409., 1423., 1407., 1532., 1459.}"
249,257,"stage3_unit18/bn1","stage3_unit18/conv3",8,"stage3_unit18/bn1-stage3_unit18/relu1-stage3_unit18/conv1-stage3_unit18/bn2-stage3_unit18/relu2-stage3_unit18/conv2-stage3_unit18/bn3-stage3_unit18/relu3-stage3_unit18/conv3","BatchNormalization","Convolution","List-List-List-List-List-List-List-List-List",118.,118.7,146.,203.,204.76670000000001,284.,1500.,1520.6333,1659.,1382.,1401.9333000000001,1513.,1297.,1315.8667,1375.,"{146., 126., 120., 119., 120., 118., 119., 118., 119., 119., 119., 118., 118., 119., 118., 119., 118., 118., 119., 119., 119., 118., 119., 119., 118., 119., 119., 119., 133., 119., 119., 119., 119., 118., 119., 118., 118., 119., 119., 118., 118., 119., 118., 119., 118., 119., 118., 119., 118., 118.}","{284., 213., 207., 205., 205., 205., 237., 232., 230., 230., 232., 234., 207., 205., 205., 205., 205., 204., 204., 204., 205., 204., 205., 204., 204., 204., 205., 204., 204., 205., 204., 218., 207., 205., 204., 204., 205., 204., 204., 207., 204., 204., 204., 204., 205., 204., 204., 203., 204., 204.}","{1659., 1576., 1653., 1507., 1500., 1519., 1510., 1514., 1636., 1545., 1523., 1506., 1505., 1514., 1535., 1653., 1503., 1502., 1527., 1511., 1522., 1636., 1534., 1523., 1510., 1512., 1518., 1539., 1649., 1509., 1507., 1524., 1511., 1517., 1637., 1526., 1517., 1504., 1506., 1515., 1538., 1653., 1507., 1504., 1519., 1506., 1517., 1632., 1538., 1518.}"
250,258,"stage3_unit18/relu1","stage3_unit18/_plus_stage3_unit18",8,"stage3_unit18/relu1-stage3_unit18/conv1-stage3_unit18/bn2-stage3_unit18/relu2-stage3_unit18/conv2-stage3_unit18/bn3-stage3_unit18/relu3-stage3_unit18/conv3-stage3_unit18/_plus_stage3_unit18","Elementwise","Threading","List-List-List-List-List-List-List-List-List",100.,101.4333,125.,124.,125.1667,157.,"","","","","","","","","","{125., 114., 103., 102., 102., 101., 101., 101., 101., 102., 102., 100., 102., 101., 100., 102., 102., 102., 102., 101., 102., 102., 101., 101., 102., 113., 101., 102., 101., 102., 101., 101., 101., 101., 101., 101., 102., 102., 101., 101., 101., 101., 101., 101., 101., 102., 102., 102., 101., 101.}","{157., 134., 126., 125., 126., 125., 125., 126., 125., 124., 126., 125., 125., 125., 125., 125., 125., 126., 125., 126., 126., 125., 125., 126., 125., 126., 125., 125., 125., 125., 136., 124., 125., 125., 125., 124., 126., 125., 126., 124., 126., 125., 125., 125., 125., 125., 125., 125., 125., 124.}",""
251,259,"stage3_unit18/conv1","stage3_unit19/bn1",8,"stage3_unit18/conv1-stage3_unit18/bn2-stage3_unit18/relu2-stage3_unit18/conv2-stage3_unit18/bn3-stage3_unit18/relu3-stage3_unit18/conv3-stage3_unit18/_plus_stage3_unit18-stage3_unit19/bn1","Convolution","BatchNormalization","List-List-List-List-List-List-List-List-List",227.,230.70000000000002,319.,117.,119.03330000000001,144.,"","","","","","","","","","{319., 236., 232., 230., 231., 232., 230., 233., 235., 256., 242., 229., 229., 229., 229., 244., 231., 228., 236., 273., 256., 256., 256., 243., 228., 228., 229., 228., 230., 229., 229., 229., 245., 230., 228., 228., 228., 229., 228., 228., 227., 228., 232., 230., 228., 228., 229., 229., 228., 242.}","{144., 127., 122., 121., 119., 128., 121., 120., 119., 119., 119., 120., 119., 119., 119., 119., 119., 119., 119., 119., 118., 119., 118., 120., 119., 119., 118., 118., 120., 118., 119., 129., 119., 119., 119., 119., 119., 119., 119., 118., 120., 118., 119., 118., 119., 118., 119., 118., 119., 117.}",""
252,260,"stage3_unit18/bn2","stage3_unit19/relu1",8,"stage3_unit18/bn2-stage3_unit18/relu2-stage3_unit18/conv2-stage3_unit18/bn3-stage3_unit18/relu3-stage3_unit18/conv3-stage3_unit18/_plus_stage3_unit18-stage3_unit19/bn1-stage3_unit19/relu1","BatchNormalization","Elementwise","List-List-List-List-List-List-List-List-List",48.,49.,70.,98.,99.6333,116.,"","","","","","","","","","{70., 54., 50., 49., 49., 49., 48., 49., 49., 48., 57., 50., 49., 49., 49., 49., 49., 49., 49., 49., 48., 48., 49., 49., 49., 49., 49., 49., 49., 50., 49., 49., 49., 49., 49., 63., 51., 49., 49., 50., 49., 49., 49., 49., 49., 49., 48., 49., 49., 49.}","{116., 104., 100., 101., 112., 100., 100., 100., 100., 99., 100., 99., 99., 100., 100., 99., 100., 99., 99., 99., 99., 99., 99., 100., 100., 101., 100., 99., 100., 99., 99., 100., 99., 100., 100., 99., 100., 100., 99., 100., 98., 100., 99., 112., 101., 99., 99., 99., 100., 100.}",""
253,261,"stage3_unit18/relu2","stage3_unit19/conv1",8,"stage3_unit18/relu2-stage3_unit18/conv2-stage3_unit18/bn3-stage3_unit18/relu3-stage3_unit18/conv3-stage3_unit18/_plus_stage3_unit18-stage3_unit19/bn1-stage3_unit19/relu1-stage3_unit19/conv1","Elementwise","Convolution","List-List-List-List-List-List-List-List-List",41.,41.800000000000004,60.,227.,229.9667,309.,"","","","","","","","","","{60., 47., 43., 42., 42., 42., 41., 41., 41., 41., 42., 42., 42., 41., 41., 41., 41., 41., 42., 42., 42., 42., 42., 41., 41., 42., 42., 41., 42., 42., 42., 42., 42., 41., 41., 42., 42., 42., 42., 42., 42., 42., 42., 42., 42., 41., 42., 42., 41., 42.}","{309., 235., 236., 231., 230., 230., 228., 246., 232., 229., 236., 229., 227., 230., 229., 228., 228., 229., 255., 257., 257., 257., 256., 259., 231., 229., 228., 229., 229., 229., 229., 229., 230., 229., 229., 229., 231., 229., 229., 228., 245., 231., 230., 229., 229., 228., 229., 229., 229., 229.}",""
254,262,"stage3_unit18/conv2","stage3_unit19/bn2",8,"stage3_unit18/conv2-stage3_unit18/bn3-stage3_unit18/relu3-stage3_unit18/conv3-stage3_unit18/_plus_stage3_unit18-stage3_unit19/bn1-stage3_unit19/relu1-stage3_unit19/conv1-stage3_unit19/bn2","Convolution","BatchNormalization","List-List-List-List-List-List-List-List-List",803.,812.2667,921.,48.,49.066700000000004,73.,"","","","","","","","","","{921., 859., 814., 820., 808., 823., 808., 807., 805., 902., 887., 808., 807., 804., 805., 819., 807., 805., 803., 804., 819., 890., 877., 803., 804., 826., 812., 810., 809., 808., 819., 810., 808., 878., 908., 811., 809., 809., 808., 821., 808., 807., 807., 806., 817., 869., 914., 810., 806., 819.}","{73., 53., 50., 50., 50., 50., 49., 49., 49., 49., 49., 49., 49., 49., 49., 50., 49., 49., 49., 50., 49., 49., 49., 49., 49., 49., 49., 49., 49., 49., 61., 50., 49., 49., 50., 49., 48., 49., 49., 49., 58., 49., 49., 49., 49., 49., 49., 49., 49., 49.}",""
255,263,"stage3_unit18/bn3","stage3_unit19/relu2",8,"stage3_unit18/bn3-stage3_unit18/relu3-stage3_unit18/conv3-stage3_unit18/_plus_stage3_unit18-stage3_unit19/bn1-stage3_unit19/relu1-stage3_unit19/conv1-stage3_unit19/bn2-stage3_unit19/relu2","BatchNormalization","Elementwise","List-List-List-List-List-List-List-List-List",49.,49.2333,73.,41.,42.,61.,"","","","","","","","","","{73., 55., 51., 50., 50., 50., 50., 50., 49., 50., 49., 49., 49., 49., 49., 49., 49., 50., 49., 49., 49., 49., 49., 49., 50., 49., 50., 49., 49., 49., 49., 49., 50., 49., 50., 49., 49., 49., 49., 49., 50., 49., 49., 49., 50., 49., 49., 50., 49., 49.}","{61., 47., 43., 42., 42., 42., 42., 41., 42., 41., 41., 42., 42., 42., 42., 41., 42., 42., 42., 42., 43., 42., 42., 42., 42., 42., 43., 42., 42., 42., 42., 42., 42., 42., 42., 42., 42., 42., 42., 42., 42., 42., 43., 42., 42., 42., 42., 42., 42., 42.}",""
256,264,"stage3_unit18/relu3","stage3_unit19/conv2",8,"stage3_unit18/relu3-stage3_unit18/conv3-stage3_unit18/_plus_stage3_unit18-stage3_unit19/bn1-stage3_unit19/relu1-stage3_unit19/conv1-stage3_unit19/bn2-stage3_unit19/relu2-stage3_unit19/conv2","Elementwise","Convolution","List-List-List-List-List-List-List-List-List",41.,41.9667,60.,803.,811.9000000000001,919.,"","","","","","","","","","{60., 46., 43., 43., 43., 42., 42., 42., 42., 42., 42., 42., 42., 42., 41., 52., 44., 42., 41., 41., 42., 42., 41., 42., 42., 42., 41., 42., 41., 41., 42., 41., 42., 50., 42., 42., 42., 42., 41., 43., 41., 42., 42., 42., 42., 42., 41., 42., 42., 42.}","{916., 839., 809., 807., 822., 807., 804., 806., 803., 822., 885., 881., 805., 803., 822., 807., 810., 807., 807., 835., 807., 807., 877., 911., 810., 805., 808., 809., 817., 806., 806., 808., 807., 819., 866., 919., 807., 809., 818., 807., 808., 808., 808., 818., 808., 806., 849., 919., 817., 809.}",""
257,265,"stage3_unit18/conv3","stage3_unit19/bn3",8,"stage3_unit18/conv3-stage3_unit18/_plus_stage3_unit18-stage3_unit19/bn1-stage3_unit19/relu1-stage3_unit19/conv1-stage3_unit19/bn2-stage3_unit19/relu2-stage3_unit19/conv2-stage3_unit19/bn3","Convolution","BatchNormalization","List-List-List-List-List-List-List-List-List",204.,214.5,289.,54.,54.3667,95.,"","","","","","","","","","{289., 214., 208., 207., 205., 207., 204., 239., 241., 220., 217., 264., 241., 241., 240., 238., 213., 215., 215., 214., 214., 214., 215., 214., 214., 228., 216., 214., 214., 213., 214., 215., 214., 214., 214., 213., 214., 214., 214., 213., 214., 213., 214., 250., 216., 214., 213., 214., 214., 213.}","{95., 59., 55., 55., 55., 55., 54., 55., 55., 54., 55., 55., 54., 54., 54., 55., 54., 55., 54., 54., 54., 55., 54., 54., 54., 55., 54., 54., 54., 54., 55., 54., 54., 55., 54., 54., 54., 69., 55., 54., 54., 54., 54., 54., 54., 56., 54., 55., 54., 62.}",""
258,266,"stage3_unit18/_plus_stage3_unit18","stage3_unit19/relu3",8,"stage3_unit18/_plus_stage3_unit18-stage3_unit19/bn1-stage3_unit19/relu1-stage3_unit19/conv1-stage3_unit19/bn2-stage3_unit19/relu2-stage3_unit19/conv2-stage3_unit19/bn3-stage3_unit19/relu3","Threading","Elementwise","List-List-List-List-List-List-List-List-List",120.,121.06670000000001,162.,47.,48.,75.,1419.,1437.4333000000001,1623.,1299.,1316.3667,1461.,1372.,1389.4333000000001,1548.,"{162., 141., 123., 121., 121., 121., 121., 121., 121., 121., 133., 120., 121., 122., 121., 121., 121., 121., 121., 121., 121., 121., 121., 121., 123., 121., 121., 121., 121., 121., 120., 120., 122., 121., 121., 122., 120., 122., 121., 121., 121., 121., 128., 122., 121., 121., 121., 121., 120., 122.}","{75., 52., 50., 49., 48., 48., 48., 48., 48., 48., 48., 49., 48., 48., 47., 49., 48., 48., 48., 48., 48., 47., 48., 48., 47., 48., 48., 48., 48., 48., 48., 47., 48., 48., 48., 47., 48., 48., 48., 48., 48., 48., 47., 48., 48., 48., 47., 49., 48., 48.}","{1612., 1486., 1451., 1426., 1440., 1421., 1623., 1419., 1424., 1446., 1424., 1422., 1453., 1588., 1423., 1439., 1430., 1423., 1436., 1455., 1565., 1425., 1425., 1446., 1426., 1424., 1497., 1512., 1438., 1424., 1424., 1438., 1429., 1508., 1518., 1424., 1421., 1434., 1421., 1419., 1543., 1467., 1439., 1426., 1424., 1445., 1422., 1551., 1455., 1421.}"
259,267,"stage3_unit19/bn1","stage3_unit19/conv3",8,"stage3_unit19/bn1-stage3_unit19/relu1-stage3_unit19/conv1-stage3_unit19/bn2-stage3_unit19/relu2-stage3_unit19/conv2-stage3_unit19/bn3-stage3_unit19/relu3-stage3_unit19/conv3","BatchNormalization","Convolution","List-List-List-List-List-List-List-List-List",113.,113.6333,145.,203.,204.5667,282.,1499.,1515.3333,1700.,1386.,1401.7,1555.,1296.,1310.7667000000001,1418.,"{145., 120., 114., 114., 113., 114., 113., 114., 114., 113., 113., 113., 113., 114., 113., 113., 113., 114., 113., 114., 114., 113., 114., 114., 125., 115., 114., 113., 113., 114., 113., 114., 113., 114., 113., 114., 113., 114., 113., 114., 114., 113., 114., 113., 114., 114., 114., 113., 114., 114.}","{282., 228., 209., 206., 205., 205., 204., 204., 204., 204., 208., 204., 204., 204., 238., 230., 230., 229., 230., 246., 205., 204., 204., 205., 204., 204., 204., 205., 204., 205., 205., 203., 204., 204., 204., 205., 204., 204., 204., 218., 206., 204., 204., 204., 204., 205., 204., 204., 204., 204.}","{1651., 1554., 1513., 1697., 1502., 1500., 1544., 1506., 1503., 1638., 1548., 1516., 1500., 1501., 1516., 1501., 1700., 1510., 1509., 1518., 1501., 1500., 1655., 1540., 1518., 1504., 1504., 1511., 1503., 1680., 1505., 1502., 1520., 1508., 1501., 1623., 1544., 1516., 1503., 1502., 1515., 1504., 1698., 1502., 1499., 1514., 1508., 1502., 1624., 1560.}"
260,268,"stage3_unit19/relu1","stage3_unit19/_plus_stage3_unit19",8,"stage3_unit19/relu1-stage3_unit19/conv1-stage3_unit19/bn2-stage3_unit19/relu2-stage3_unit19/conv2-stage3_unit19/bn3-stage3_unit19/relu3-stage3_unit19/conv3-stage3_unit19/_plus_stage3_unit19","Elementwise","Threading","List-List-List-List-List-List-List-List-List",99.,100.2,125.,125.,125.86670000000001,156.,"","","","","","","","","","{125., 113., 114., 102., 102., 102., 101., 101., 101., 101., 101., 101., 100., 101., 100., 102., 100., 100., 100., 99., 100., 99., 100., 100., 100., 100., 99., 100., 100., 100., 99., 100., 100., 100., 100., 100., 100., 100., 100., 100., 99., 110., 100., 100., 100., 100., 101., 99., 100., 100.}","{156., 138., 128., 126., 127., 127., 126., 125., 127., 126., 126., 126., 138., 128., 126., 125., 126., 126., 126., 126., 125., 126., 126., 126., 125., 125., 126., 126., 125., 125., 125., 126., 125., 126., 125., 126., 126., 125., 126., 125., 125., 126., 126., 136., 126., 126., 126., 126., 125., 126.}",""
261,269,"stage3_unit19/conv1","stage3_unit20/bn1",8,"stage3_unit19/conv1-stage3_unit19/bn2-stage3_unit19/relu2-stage3_unit19/conv2-stage3_unit19/bn3-stage3_unit19/relu3-stage3_unit19/conv3-stage3_unit19/_plus_stage3_unit19-stage3_unit20/bn1","Convolution","BatchNormalization","List-List-List-List-List-List-List-List-List",228.,229.60000000000002,320.,117.,118.36670000000001,146.,"","","","","","","","","","{320., 237., 231., 231., 230., 244., 231., 229., 230., 229., 229., 229., 229., 230., 229., 228., 229., 229., 229., 229., 229., 229., 238., 230., 228., 229., 276., 258., 256., 259., 248., 229., 233., 229., 229., 230., 229., 229., 229., 244., 231., 229., 229., 229., 229., 229., 228., 228., 230., 228.}","{146., 126., 121., 118., 119., 117., 118., 118., 118., 119., 119., 118., 132., 120., 119., 119., 119., 118., 129., 120., 118., 118., 119., 118., 118., 118., 118., 118., 118., 118., 118., 119., 119., 118., 118., 119., 118., 118., 118., 118., 118., 118., 119., 118., 118., 131., 119., 118., 119., 118.}",""
262,270,"stage3_unit19/bn2","stage3_unit20/relu1",8,"stage3_unit19/bn2-stage3_unit19/relu2-stage3_unit19/conv2-stage3_unit19/bn3-stage3_unit19/relu3-stage3_unit19/conv3-stage3_unit19/_plus_stage3_unit19-stage3_unit20/bn1-stage3_unit20/relu1","BatchNormalization","Elementwise","List-List-List-List-List-List-List-List-List",48.,48.900000000000006,71.,100.,100.9333,118.,"","","","","","","","","","{71., 55., 51., 50., 49., 49., 49., 49., 50., 49., 49., 49., 49., 50., 49., 49., 49., 49., 49., 48., 48., 48., 49., 48., 48., 48., 49., 48., 49., 49., 49., 49., 49., 49., 50., 49., 49., 48., 48., 48., 48., 48., 48., 57., 50., 50., 49., 49., 49., 49.}","{118., 104., 102., 102., 100., 102., 102., 101., 101., 101., 102., 102., 101., 101., 101., 101., 101., 101., 101., 101., 114., 101., 100., 100., 102., 101., 100., 100., 101., 101., 101., 101., 100., 101., 100., 101., 101., 101., 100., 101., 101., 101., 101., 100., 101., 100., 100., 100., 101., 101.}",""
263,271,"stage3_unit19/relu2","stage3_unit20/conv1",8,"stage3_unit19/relu2-stage3_unit19/conv2-stage3_unit19/bn3-stage3_unit19/relu3-stage3_unit19/conv3-stage3_unit19/_plus_stage3_unit19-stage3_unit20/bn1-stage3_unit20/relu1-stage3_unit20/conv1","Elementwise","Convolution","List-List-List-List-List-List-List-List-List",41.,42.,59.,228.,229.8333,315.,"","","","","","","","","","{59., 47., 43., 42., 42., 42., 43., 42., 42., 42., 42., 42., 42., 42., 42., 42., 42., 42., 42., 42., 42., 43., 42., 52., 43., 42., 43., 42., 42., 42., 43., 42., 42., 42., 42., 42., 42., 42., 42., 42., 42., 42., 42., 42., 42., 41., 41., 42., 42., 42.}","{315., 236., 233., 230., 230., 230., 229., 229., 229., 229., 229., 228., 229., 245., 232., 229., 229., 229., 228., 229., 229., 229., 228., 242., 228., 269., 259., 258., 256., 268., 243., 230., 230., 234., 228., 229., 229., 228., 229., 229., 229., 228., 229., 228., 229., 228., 229., 242., 230., 229.}",""
264,272,"stage3_unit19/conv2","stage3_unit20/bn2",8,"stage3_unit19/conv2-stage3_unit19/bn3-stage3_unit19/relu3-stage3_unit19/conv3-stage3_unit19/_plus_stage3_unit19-stage3_unit20/bn1-stage3_unit20/relu1-stage3_unit20/conv1-stage3_unit20/bn2","Convolution","BatchNormalization","List-List-List-List-List-List-List-List-List",803.,810.6667,940.,48.,49.,73.,"","","","","","","","","","{940., 840., 836., 809., 806., 805., 804., 819., 804., 803., 803., 913., 868., 807., 803., 805., 805., 819., 805., 804., 805., 804., 818., 903., 869., 807., 805., 816., 807., 803., 805., 803., 820., 808., 807., 883., 902., 808., 809., 808., 807., 822., 809., 808., 807., 808., 819., 875., 908., 806.}","{73., 55., 52., 50., 50., 50., 49., 49., 49., 49., 49., 49., 49., 50., 49., 49., 49., 49., 49., 49., 49., 49., 50., 49., 49., 49., 49., 49., 49., 49., 49., 49., 49., 49., 49., 49., 49., 49., 49., 49., 49., 49., 49., 49., 50., 49., 49., 49., 49., 48.}",""
265,273,"stage3_unit19/bn3","stage3_unit20/relu2",8,"stage3_unit19/bn3-stage3_unit19/relu3-stage3_unit19/conv3-stage3_unit19/_plus_stage3_unit19-stage3_unit20/bn1-stage3_unit20/relu1-stage3_unit20/conv1-stage3_unit20/bn2-stage3_unit20/relu2","BatchNormalization","Elementwise","List-List-List-List-List-List-List-List-List",48.,49.1,73.,41.,42.,59.,"","","","","","","","","","{73., 54., 51., 50., 50., 49., 50., 49., 49., 49., 49., 62., 51., 49., 49., 49., 49., 48., 49., 49., 49., 49., 49., 49., 49., 48., 57., 50., 50., 49., 49., 49., 50., 49., 49., 49., 49., 49., 49., 49., 49., 49., 50., 49., 49., 49., 49., 49., 49., 49.}","{59., 46., 43., 42., 43., 42., 42., 53., 42., 42., 42., 42., 42., 42., 42., 41., 41., 42., 42., 42., 42., 42., 42., 41., 42., 42., 42., 42., 42., 42., 42., 42., 42., 42., 41., 41., 42., 42., 41., 41., 42., 42., 42., 41., 42., 42., 41., 42., 42., 42.}",""
266,274,"stage3_unit19/relu3","stage3_unit20/conv2",8,"stage3_unit19/relu3-stage3_unit19/conv3-stage3_unit19/_plus_stage3_unit19-stage3_unit20/bn1-stage3_unit20/relu1-stage3_unit20/conv1-stage3_unit20/bn2-stage3_unit20/relu2-stage3_unit20/conv2","Elementwise","Convolution","List-List-List-List-List-List-List-List-List",41.,42.,59.,806.,811.9333,982.,"","","","","","","","","","{59., 46., 44., 42., 42., 43., 42., 42., 42., 42., 42., 42., 42., 42., 42., 42., 42., 42., 42., 42., 42., 42., 42., 42., 42., 42., 42., 43., 42., 42., 41., 42., 42., 42., 42., 42., 42., 42., 43., 42., 42., 42., 42., 42., 42., 42., 42., 42., 42., 42.}","{982., 889., 811., 808., 808., 809., 821., 808., 807., 807., 806., 821., 903., 868., 808., 808., 826., 807., 806., 806., 806., 812., 806., 806., 884., 899., 809., 809., 807., 808., 822., 810., 808., 807., 809., 823., 880., 896., 809., 809., 820., 808., 808., 809., 808., 826., 808., 808., 869., 926.}",""
267,275,"stage3_unit19/conv3","stage3_unit20/bn3",8,"stage3_unit19/conv3-stage3_unit19/_plus_stage3_unit19-stage3_unit20/bn1-stage3_unit20/relu1-stage3_unit20/conv1-stage3_unit20/bn2-stage3_unit20/relu2-stage3_unit20/conv2-stage3_unit20/bn3","Convolution","BatchNormalization","List-List-List-List-List-List-List-List-List",202.,204.4,276.,49.,49.1,72.,"","","","","","","","","","{276., 214., 206., 205., 205., 204., 204., 204., 204., 203., 204., 203., 203., 203., 203., 221., 205., 204., 231., 238., 230., 229., 229., 237., 203., 203., 203., 202., 203., 204., 203., 202., 202., 219., 205., 204., 204., 204., 203., 203., 204., 204., 217., 209., 203., 204., 204., 203., 203., 203.}","{72., 54., 51., 51., 50., 50., 50., 49., 49., 50., 49., 49., 50., 49., 49., 49., 49., 49., 49., 49., 49., 49., 49., 49., 49., 49., 49., 49., 49., 49., 50., 49., 49., 50., 49., 49., 49., 49., 49., 49., 49., 49., 49., 49., 49., 49., 50., 50., 49., 49.}",""
268,276,"stage3_unit19/_plus_stage3_unit19","stage3_unit20/relu3",8,"stage3_unit19/_plus_stage3_unit19-stage3_unit20/bn1-stage3_unit20/relu1-stage3_unit20/conv1-stage3_unit20/bn2-stage3_unit20/relu2-stage3_unit20/conv2-stage3_unit20/bn3-stage3_unit20/relu3","Threading","Elementwise","List-List-List-List-List-List-List-List-List",124.,124.6667,163.,39.,39.2333,62.,1406.,1426.8000000000002,1733.,1282.,1302.1333,1570.,1367.,1387.5667,1671.,"{163., 147., 127., 124., 125., 125., 124., 125., 125., 124., 125., 124., 136., 126., 125., 125., 125., 124., 125., 124., 125., 125., 124., 125., 124., 124., 124., 125., 125., 124., 124., 124., 125., 125., 132., 125., 125., 125., 124., 124., 125., 124., 125., 135., 124., 124., 124., 125., 125., 124.}","{62., 44., 40., 40., 40., 39., 39., 40., 39., 40., 39., 39., 39., 39., 39., 40., 39., 40., 39., 40., 39., 40., 39., 39., 39., 39., 39., 40., 40., 39., 57., 40., 40., 39., 40., 39., 39., 39., 39., 39., 39., 39., 39., 39., 39., 39., 39., 39., 39., 39.}","{1733., 1444., 1423., 1431., 1411., 1409., 1473., 1514., 1409., 1423., 1406., 1423., 1412., 1462., 1523., 1409., 1412., 1424., 1406., 1407., 1485., 1497., 1421., 1411., 1408., 1421., 1408., 1480., 1511., 1415., 1411., 1426., 1409., 1409., 1505., 1474., 1420., 1408., 1411., 1420., 1407., 1495., 1494., 1411., 1414., 1422., 1408., 1410., 1520., 1472.}"
269,277,"stage3_unit20/bn1","stage3_unit20/conv3",8,"stage3_unit20/bn1-stage3_unit20/relu1-stage3_unit20/conv1-stage3_unit20/bn2-stage3_unit20/relu2-stage3_unit20/conv2-stage3_unit20/bn3-stage3_unit20/relu3-stage3_unit20/conv3","BatchNormalization","Convolution","List-List-List-List-List-List-List-List-List",114.,115.03330000000001,140.,203.,205.0333,286.,1502.,1524.5,1690.,1388.,1409.4667000000002,1550.,1299.,1319.4667000000002,1404.,"{140., 123., 118., 115., 115., 115., 115., 115., 115., 115., 115., 116., 115., 115., 131., 116., 115., 115., 115., 115., 115., 115., 115., 114., 115., 115., 115., 115., 115., 115., 115., 115., 115., 115., 115., 115., 115., 115., 115., 115., 115., 116., 115., 115., 116., 116., 115., 115., 133., 120.}","{286., 214., 208., 205., 223., 207., 206., 212., 256., 230., 229., 228., 241., 204., 204., 204., 204., 203., 205., 203., 204., 204., 217., 207., 205., 205., 204., 205., 204., 204., 207., 204., 205., 204., 204., 205., 205., 204., 204., 204., 204., 204., 218., 204., 204., 204., 203., 203., 203., 203.}","{1657., 1560., 1684., 1510., 1535., 1502., 1516., 1508., 1584., 1599., 1507., 1506., 1519., 1509., 1520., 1690., 1511., 1534., 1506., 1518., 1506., 1590., 1603., 1507., 1504., 1518., 1505., 1520., 1662., 1508., 1519., 1509., 1518., 1505., 1589., 1597., 1512., 1507., 1523., 1507., 1521., 1661., 1507., 1520., 1508., 1524., 1508., 1591., 1590., 1510.}"
270,278,"stage3_unit20/relu1","stage3_unit20/_plus_stage3_unit20",8,"stage3_unit20/relu1-stage3_unit20/conv1-stage3_unit20/bn2-stage3_unit20/relu2-stage3_unit20/conv2-stage3_unit20/bn3-stage3_unit20/relu3-stage3_unit20/conv3-stage3_unit20/_plus_stage3_unit20","Elementwise","Threading","List-List-List-List-List-List-List-List-List",99.,100.30000000000001,125.,126.,127.1333,156.,"","","","","","","","","","{125., 115., 106., 107., 106., 106., 104., 106., 117., 102., 100., 101., 101., 100., 99., 99., 100., 100., 100., 100., 100., 100., 100., 100., 100., 99., 100., 99., 100., 99., 99., 100., 100., 99., 100., 99., 100., 99., 100., 100., 100., 99., 99., 100., 101., 100., 100., 115., 103., 102.}","{156., 138., 128., 128., 128., 128., 127., 128., 127., 128., 127., 128., 126., 127., 126., 127., 140., 127., 127., 127., 127., 128., 127., 126., 127., 127., 126., 127., 127., 126., 126., 127., 128., 127., 127., 127., 126., 127., 127., 127., 127., 127., 126., 127., 127., 128., 126., 141., 127., 126.}",""
271,279,"stage3_unit20/conv1","stage3_unit21/bn1",8,"stage3_unit20/conv1-stage3_unit20/bn2-stage3_unit20/relu2-stage3_unit20/conv2-stage3_unit20/bn3-stage3_unit20/relu3-stage3_unit20/conv3-stage3_unit20/_plus_stage3_unit20-stage3_unit21/bn1","Convolution","BatchNormalization","List-List-List-List-List-List-List-List-List",228.,229.7333,322.,117.,117.4333,144.,"","","","","","","","","","{322., 237., 231., 230., 230., 229., 229., 246., 230., 230., 229., 229., 228., 229., 229., 229., 229., 229., 229., 267., 257., 256., 256., 259., 248., 232., 235., 230., 229., 230., 230., 229., 229., 229., 229., 228., 230., 229., 229., 230., 229., 246., 230., 229., 229., 230., 228., 228., 228., 229.}","{144., 126., 120., 119., 117., 126., 118., 118., 117., 118., 117., 117., 118., 117., 117., 117., 131., 119., 118., 118., 118., 117., 117., 118., 118., 118., 117., 117., 117., 118., 117., 117., 117., 118., 118., 117., 117., 117., 117., 117., 118., 117., 117., 117., 117., 118., 117., 117., 117., 130.}",""
272,280,"stage3_unit20/bn2","stage3_unit21/relu1",8,"stage3_unit20/bn2-stage3_unit20/relu2-stage3_unit20/conv2-stage3_unit20/bn3-stage3_unit20/relu3-stage3_unit20/conv3-stage3_unit20/_plus_stage3_unit20-stage3_unit21/bn1-stage3_unit21/relu1","BatchNormalization","Elementwise","List-List-List-List-List-List-List-List-List",48.,49.,71.,99.,100.6333,118.,"","","","","","","","","","{71., 54., 50., 49., 49., 48., 48., 48., 48., 49., 48., 49., 48., 56., 55., 49., 49., 49., 49., 49., 49., 49., 49., 49., 50., 49., 49., 49., 49., 49., 49., 48., 49., 49., 49., 49., 49., 50., 49., 49., 49., 49., 49., 49., 49., 49., 49., 49., 49., 49.}","{118., 104., 102., 101., 101., 101., 101., 101., 101., 100., 100., 101., 99., 101., 100., 100., 100., 101., 100., 101., 100., 101., 100., 100., 113., 102., 100., 101., 100., 100., 101., 101., 101., 101., 100., 101., 100., 101., 100., 100., 101., 101., 100., 101., 100., 100., 100., 101., 101., 101.}",""
273,281,"stage3_unit20/relu2","stage3_unit21/conv1",8,"stage3_unit20/relu2-stage3_unit20/conv2-stage3_unit20/bn3-stage3_unit20/relu3-stage3_unit20/conv3-stage3_unit20/_plus_stage3_unit20-stage3_unit21/bn1-stage3_unit21/relu1-stage3_unit21/conv1","Elementwise","Convolution","List-List-List-List-List-List-List-List-List",41.,42.,59.,228.,229.16670000000002,306.,"","","","","","","","","","{59., 46., 43., 43., 42., 42., 42., 42., 42., 41., 42., 42., 43., 42., 42., 42., 42., 42., 42., 42., 42., 42., 42., 42., 42., 41., 41., 41., 42., 42., 42., 42., 42., 41., 41., 54., 43., 42., 42., 42., 42., 41., 41., 42., 42., 42., 42., 42., 42., 42.}","{306., 237., 232., 231., 230., 229., 230., 228., 228., 228., 229., 228., 228., 228., 229., 229., 243., 228., 229., 271., 256., 256., 256., 263., 228., 228., 228., 229., 228., 228., 229., 229., 243., 228., 229., 228., 229., 229., 229., 228., 228., 229., 228., 234., 229., 229., 230., 229., 228., 242.}",""
274,282,"stage3_unit20/conv2","stage3_unit21/bn2",8,"stage3_unit20/conv2-stage3_unit20/bn3-stage3_unit20/relu3-stage3_unit20/conv3-stage3_unit20/_plus_stage3_unit20-stage3_unit21/bn1-stage3_unit21/relu1-stage3_unit21/conv1-stage3_unit21/bn2","Convolution","BatchNormalization","List-List-List-List-List-List-List-List-List",805.,813.2667,923.,48.,49.,73.,"","","","","","","","","","{915., 840., 811., 827., 809., 807., 808., 807., 822., 886., 886., 807., 805., 819., 811., 806., 807., 806., 821., 807., 807., 872., 923., 811., 810., 810., 810., 824., 810., 809., 807., 807., 821., 870., 915., 807., 809., 821., 808., 808., 808., 809., 820., 809., 821., 859., 916., 819., 810., 809.}","{73., 55., 51., 49., 49., 50., 49., 50., 49., 49., 49., 49., 49., 49., 49., 49., 49., 49., 49., 48., 49., 49., 49., 49., 48., 49., 48., 49., 49., 49., 48., 48., 49., 49., 49., 49., 48., 49., 49., 49., 49., 49., 49., 49., 49., 49., 49., 49., 48., 49.}",""
275,283,"stage3_unit20/bn3","stage3_unit21/relu2",8,"stage3_unit20/bn3-stage3_unit20/relu3-stage3_unit20/conv3-stage3_unit20/_plus_stage3_unit20-stage3_unit21/bn1-stage3_unit21/relu1-stage3_unit21/conv1-stage3_unit21/bn2-stage3_unit21/relu2","BatchNormalization","Elementwise","List-List-List-List-List-List-List-List-List",48.,49.033300000000004,72.,41.,42.,63.,"","","","","","","","","","{72., 55., 51., 50., 51., 49., 49., 49., 49., 50., 49., 49., 49., 49., 49., 49., 49., 49., 49., 48., 49., 62., 51., 48., 49., 49., 50., 49., 49., 49., 50., 49., 49., 49., 49., 49., 48., 48., 49., 49., 49., 49., 48., 49., 50., 49., 49., 49., 49., 48.}","{63., 53., 45., 43., 42., 43., 42., 42., 43., 42., 42., 42., 42., 42., 42., 42., 42., 56., 43., 42., 42., 42., 42., 42., 42., 42., 42., 42., 42., 42., 41., 41., 43., 42., 42., 42., 42., 42., 42., 42., 42., 42., 42., 41., 42., 42., 42., 42., 42., 42.}",""
276,284,"stage3_unit20/relu3","stage3_unit21/conv2",8,"stage3_unit20/relu3-stage3_unit20/conv3-stage3_unit20/_plus_stage3_unit20-stage3_unit21/bn1-stage3_unit21/relu1-stage3_unit21/conv1-stage3_unit21/bn2-stage3_unit21/relu2-stage3_unit21/conv2","Elementwise","Convolution","List-List-List-List-List-List-List-List-List",41.,42.033300000000004,62.,802.,810.1,963.,"","","","","","","","","","{62., 47., 43., 43., 42., 43., 42., 42., 42., 42., 42., 42., 42., 42., 42., 42., 42., 42., 42., 42., 42., 42., 42., 43., 42., 43., 42., 42., 42., 42., 42., 42., 42., 51., 44., 43., 42., 42., 43., 42., 42., 42., 42., 42., 42., 42., 42., 42., 41., 42.}","{908., 822., 824., 809., 806., 805., 806., 818., 806., 804., 880., 963., 806., 805., 804., 804., 819., 807., 804., 805., 803., 818., 878., 890., 803., 803., 819., 802., 804., 803., 802., 821., 808., 803., 858., 912., 817., 808., 807., 806., 818., 809., 806., 806., 806., 817., 846., 920., 808., 807.}",""
277,285,"stage3_unit20/conv3","stage3_unit21/bn3",8,"stage3_unit20/conv3-stage3_unit20/_plus_stage3_unit20-stage3_unit21/bn1-stage3_unit21/relu1-stage3_unit21/conv1-stage3_unit21/bn2-stage3_unit21/relu2-stage3_unit21/conv2-stage3_unit21/bn3","Convolution","BatchNormalization","List-List-List-List-List-List-List-List-List",203.,204.4,291.,48.,49.533300000000004,94.,"","","","","","","","","","{291., 214., 207., 204., 205., 204., 205., 203., 204., 204., 203., 233., 237., 229., 230., 229., 239., 208., 203., 205., 204., 204., 204., 203., 204., 203., 205., 203., 204., 204., 204., 204., 203., 203., 204., 204., 219., 208., 205., 204., 204., 204., 203., 204., 205., 203., 204., 204., 204., 203.}","{71., 54., 50., 50., 49., 49., 49., 49., 49., 49., 49., 49., 49., 49., 49., 49., 49., 50., 49., 49., 48., 48., 48., 48., 48., 49., 49., 49., 48., 48., 48., 49., 49., 49., 49., 49., 49., 49., 49., 49., 57., 94., 69., 67., 67., 67., 66., 67., 67., 67.}",""
278,286,"stage3_unit20/_plus_stage3_unit20","stage3_unit21/relu3",8,"stage3_unit20/_plus_stage3_unit20-stage3_unit21/bn1-stage3_unit21/relu1-stage3_unit21/conv1-stage3_unit21/bn2-stage3_unit21/relu2-stage3_unit21/conv2-stage3_unit21/bn3-stage3_unit21/relu3","Threading","Elementwise","List-List-List-List-List-List-List-List-List",145.,147.4667,194.,47.,48.2333,75.,1417.,1450.6000000000001,2954.,1272.,1303.1333,2760.,1370.,1402.3667,2879.,"{194., 171., 149., 149., 147., 148., 148., 148., 147., 147., 148., 148., 161., 147., 148., 147., 148., 156., 153., 147., 148., 148., 148., 147., 147., 147., 148., 147., 148., 147., 148., 147., 147., 148., 147., 147., 148., 148., 147., 163., 147., 146., 146., 145., 146., 145., 145., 146., 145., 146.}","{75., 51., 48., 63., 58., 48., 48., 48., 49., 48., 48., 50., 48., 48., 66., 50., 48., 49., 48., 49., 49., 48., 48., 48., 48., 48., 48., 48., 48., 48., 48., 48., 49., 48., 48., 48., 48., 49., 48., 48., 49., 49., 49., 47., 48., 48., 49., 48., 47., 48.}","{2953., 2844., 2954., 2791., 2803., 2571., 1663., 1431., 1439., 1424., 1424., 1442., 1426., 1600., 1424., 1420., 1434., 1424., 1427., 1476., 1542., 1418., 1431., 1418., 1453., 1438., 1486., 1521., 1423., 1417., 1440., 1438., 1426., 1539., 1484., 1441., 1428., 1430., 1441., 1424., 1541., 1475., 1425., 1425., 1446., 1429., 1434., 1566., 1437., 1435.}"
279,287,"stage3_unit21/bn1","stage3_unit21/conv3",8,"stage3_unit21/bn1-stage3_unit21/relu1-stage3_unit21/conv1-stage3_unit21/bn2-stage3_unit21/relu2-stage3_unit21/conv2-stage3_unit21/bn3-stage3_unit21/relu3-stage3_unit21/conv3","BatchNormalization","Convolution","List-List-List-List-List-List-List-List-List",115.,116.1333,146.,203.,205.10000000000002,307.,1497.,1521.2333,1868.,1382.,1405.1000000000001,1722.,1294.,1316.1333,1561.,"{146., 120., 116., 130., 117., 116., 117., 115., 117., 116., 117., 117., 117., 115., 115., 116., 116., 115., 116., 117., 116., 116., 117., 117., 115., 116., 115., 116., 117., 116., 121., 116., 116., 115., 116., 116., 115., 128., 117., 115., 115., 115., 117., 116., 116., 116., 115., 116., 115., 116.}","{307., 213., 208., 206., 205., 206., 204., 205., 204., 205., 204., 205., 204., 205., 205., 205., 205., 209., 204., 222., 206., 204., 203., 241., 230., 230., 230., 229., 218., 204., 204., 204., 203., 204., 203., 204., 205., 205., 217., 206., 205., 205., 203., 205., 204., 204., 204., 204., 207., 204.}","{1664., 1560., 1528., 1529., 1628., 1544., 1519., 1516., 1501., 1524., 1533., 1645., 1504., 1505., 1521., 1504., 1526., 1629., 1540., 1512., 1502., 1504., 1521., 1507., 1664., 1501., 1499., 1513., 1506., 1515., 1623., 1538., 1519., 1506., 1503., 1868., 1592., 1620., 1503., 1497., 1516., 1497., 1517., 1665., 1502., 1518., 1499., 1516., 1511., 1565.}"
280,288,"stage3_unit21/relu1","stage3_unit21/_plus_stage3_unit21",8,"stage3_unit21/relu1-stage3_unit21/conv1-stage3_unit21/bn2-stage3_unit21/relu2-stage3_unit21/conv2-stage3_unit21/bn3-stage3_unit21/relu3-stage3_unit21/conv3-stage3_unit21/_plus_stage3_unit21","Elementwise","Threading","List-List-List-List-List-List-List-List-List",99.,100.,126.,124.,125.,168.,"","","","","","","","","","{123., 126., 102., 100., 100., 100., 100., 100., 100., 100., 99., 100., 112., 108., 100., 100., 100., 100., 100., 100., 99., 99., 100., 100., 100., 101., 100., 99., 100., 100., 100., 100., 100., 100., 100., 99., 100., 100., 99., 100., 111., 100., 99., 100., 100., 100., 100., 100., 100., 99.}","{168., 142., 126., 127., 125., 126., 125., 125., 125., 125., 137., 126., 125., 125., 125., 125., 125., 125., 125., 125., 125., 125., 125., 125., 125., 125., 125., 124., 125., 125., 125., 124., 125., 126., 125., 125., 124., 125., 125., 125., 125., 138., 125., 125., 126., 124., 125., 125., 125., 125.}",""
281,289,"stage3_unit21/conv1","stage3_unit22/bn1",8,"stage3_unit21/conv1-stage3_unit21/bn2-stage3_unit21/relu2-stage3_unit21/conv2-stage3_unit21/bn3-stage3_unit21/relu3-stage3_unit21/conv3-stage3_unit21/_plus_stage3_unit21-stage3_unit22/bn1","Convolution","BatchNormalization","List-List-List-List-List-List-List-List-List",228.,229.60000000000002,320.,115.,116.4667,142.,"","","","","","","","","","{320., 237., 232., 230., 247., 232., 230., 229., 229., 229., 230., 229., 229., 228., 229., 229., 229., 229., 230., 229., 230., 243., 232., 229., 228., 228., 228., 229., 229., 229., 229., 228., 229., 259., 257., 256., 256., 265., 243., 231., 229., 230., 229., 229., 229., 229., 230., 229., 229., 228.}","{142., 124., 122., 118., 119., 118., 118., 118., 118., 118., 131., 117., 116., 116., 116., 116., 115., 115., 115., 115., 115., 115., 116., 115., 116., 115., 116., 115., 115., 115., 116., 116., 115., 125., 116., 115., 115., 115., 116., 116., 115., 129., 118., 117., 129., 117., 118., 118., 117., 118.}",""
282,290,"stage3_unit21/bn2","stage3_unit22/relu1",8,"stage3_unit21/bn2-stage3_unit21/relu2-stage3_unit21/conv2-stage3_unit21/bn3-stage3_unit21/relu3-stage3_unit21/conv3-stage3_unit21/_plus_stage3_unit21-stage3_unit22/bn1-stage3_unit22/relu1","BatchNormalization","Elementwise","List-List-List-List-List-List-List-List-List",48.,49.,71.,100.,100.1667,118.,"","","","","","","","","","{71., 54., 51., 49., 48., 49., 50., 49., 49., 49., 49., 49., 49., 49., 49., 49., 49., 49., 49., 49., 49., 50., 49., 49., 49., 49., 49., 49., 49., 49., 49., 49., 49., 49., 50., 49., 49., 49., 49., 48., 49., 49., 49., 49., 49., 49., 49., 49., 49., 49.}","{118., 103., 101., 102., 101., 101., 110., 100., 101., 100., 100., 100., 100., 100., 100., 100., 100., 100., 115., 100., 100., 100., 100., 100., 100., 100., 101., 101., 100., 101., 101., 100., 100., 100., 100., 100., 100., 100., 100., 100., 100., 100., 100., 100., 101., 100., 100., 100., 100., 101.}",""
283,291,"stage3_unit21/relu2","stage3_unit22/conv1",8,"stage3_unit21/relu2-stage3_unit21/conv2-stage3_unit21/bn3-stage3_unit21/relu3-stage3_unit21/conv3-stage3_unit21/_plus_stage3_unit21-stage3_unit22/bn1-stage3_unit22/relu1-stage3_unit22/conv1","Elementwise","Convolution","List-List-List-List-List-List-List-List-List",41.,42.2,61.,228.,229.5333,316.,"","","","","","","","","","{61., 47., 44., 43., 43., 42., 42., 42., 42., 42., 43., 42., 42., 42., 43., 42., 43., 42., 42., 43., 55., 44., 43., 42., 42., 42., 42., 42., 42., 42., 42., 42., 42., 42., 42., 42., 42., 49., 47., 43., 43., 42., 42., 42., 42., 41., 42., 42., 42., 42.}","{316., 236., 231., 231., 229., 229., 229., 230., 228., 229., 229., 228., 230., 236., 229., 229., 228., 229., 228., 229., 228., 228., 229., 228., 234., 229., 228., 228., 229., 229., 243., 238., 229., 266., 257., 256., 256., 259., 228., 229., 229., 228., 229., 229., 228., 229., 240., 230., 229., 228.}",""
284,292,"stage3_unit21/conv2","stage3_unit22/bn2",8,"stage3_unit21/conv2-stage3_unit21/bn3-stage3_unit21/relu3-stage3_unit21/conv3-stage3_unit21/_plus_stage3_unit21-stage3_unit22/bn1-stage3_unit22/relu1-stage3_unit22/conv1-stage3_unit22/bn2","Convolution","BatchNormalization","List-List-List-List-List-List-List-List-List",803.,810.2333,951.,49.,49.7333,75.,"","","","","","","","","","{942., 951., 872., 809., 805., 805., 806., 820., 807., 804., 805., 806., 819., 910., 863., 804., 803., 815., 806., 803., 804., 813., 810., 806., 805., 890., 892., 808., 805., 806., 809., 823., 807., 808., 806., 806., 821., 879., 893., 807., 808., 820., 807., 806., 808., 808., 817., 808., 807., 878.}","{75., 55., 52., 51., 50., 51., 50., 50., 50., 50., 50., 49., 50., 49., 49., 50., 49., 49., 51., 50., 49., 50., 49., 49., 50., 50., 50., 49., 50., 49., 50., 50., 49., 50., 50., 49., 49., 50., 50., 49., 49., 50., 50., 50., 50., 49., 49., 51., 49., 50.}",""
285,293,"stage3_unit21/bn3","stage3_unit22/relu2",8,"stage3_unit21/bn3-stage3_unit21/relu3-stage3_unit21/conv3-stage3_unit21/_plus_stage3_unit21-stage3_unit22/bn1-stage3_unit22/relu1-stage3_unit22/conv1-stage3_unit22/bn2-stage3_unit22/relu2","BatchNormalization","Elementwise","List-List-List-List-List-List-List-List-List",50.,65.,106.,51.,51.1,81.,"","","","","","","","","","{73., 55., 52., 51., 51., 61., 50., 50., 50., 50., 106., 71., 65., 65., 65., 65., 65., 65., 66., 65., 65., 64., 66., 65., 65., 65., 65., 65., 65., 65., 65., 65., 65., 65., 65., 65., 65., 65., 65., 65., 65., 65., 65., 65., 65., 65., 72., 73., 79., 68.}","{81., 64., 52., 73., 56., 51., 51., 52., 51., 51., 51., 51., 51., 51., 52., 51., 52., 51., 51., 51., 52., 51., 51., 51., 51., 51., 52., 51., 51., 51., 51., 51., 52., 51., 52., 51., 51., 51., 51., 51., 51., 51., 51., 51., 52., 51., 51., 51., 51., 51.}",""
286,294,"stage3_unit21/relu3","stage3_unit22/conv2",8,"stage3_unit21/relu3-stage3_unit21/conv3-stage3_unit21/_plus_stage3_unit21-stage3_unit22/bn1-stage3_unit22/relu1-stage3_unit22/conv1-stage3_unit22/bn2-stage3_unit22/relu2-stage3_unit22/conv2","Elementwise","Convolution","List-List-List-List-List-List-List-List-List",50.,51.,71.,814.,1216.6667,1769.,"","","","","","","","","","{71., 53., 52., 52., 51., 51., 51., 51., 51., 52., 51., 51., 51., 51., 55., 52., 52., 51., 51., 51., 50., 50., 50., 51., 51., 51., 51., 51., 51., 51., 51., 52., 51., 51., 51., 51., 51., 51., 51., 51., 51., 51., 51., 50., 50., 51., 51., 51., 51., 51.}","{1731., 1610., 1617., 1596., 1618., 1611., 1769., 1581., 1604., 1623., 1609., 1609., 1743., 1607., 1619., 1605., 1613., 1576., 1739., 1655., 1605., 1620., 1614., 1605., 1024., 950., 849., 814., 835., 821., 817., 816., 817., 831., 958., 818., 867., 941., 840., 817., 818., 817., 849., 822., 819., 821., 816., 834., 884., 929.}",""
287,295,"stage3_unit21/conv3","stage3_unit22/bn3",8,"stage3_unit21/conv3-stage3_unit21/_plus_stage3_unit21-stage3_unit22/bn1-stage3_unit22/relu1-stage3_unit22/conv1-stage3_unit22/bn2-stage3_unit22/relu2-stage3_unit22/conv2-stage3_unit22/bn3","Convolution","BatchNormalization","List-List-List-List-List-List-List-List-List",211.,214.5333,316.,46.,46.2667,69.,"","","","","","","","","","{316., 250., 241., 241., 250., 233., 217., 213., 214., 214., 214., 213., 213., 214., 212., 214., 212., 213., 213., 212., 213., 213., 213., 226., 216., 212., 213., 213., 213., 212., 212., 211., 212., 213., 213., 212., 213., 213., 213., 212., 212., 213., 227., 214., 213., 220., 259., 240., 238., 243.}","{69., 52., 49., 48., 47., 47., 46., 47., 46., 46., 46., 46., 46., 46., 46., 47., 47., 47., 46., 47., 46., 46., 46., 46., 47., 47., 46., 46., 47., 46., 46., 46., 46., 46., 46., 46., 46., 46., 46., 47., 46., 46., 46., 46., 47., 46., 47., 47., 46., 46.}",""
288,296,"stage3_unit21/_plus_stage3_unit21","stage3_unit22/relu3",8,"stage3_unit21/_plus_stage3_unit21-stage3_unit22/bn1-stage3_unit22/relu1-stage3_unit22/conv1-stage3_unit22/bn2-stage3_unit22/relu2-stage3_unit22/conv2-stage3_unit22/bn3-stage3_unit22/relu3","Threading","Elementwise","List-List-List-List-List-List-List-List-List",121.,122.5,158.,41.,42.4333,64.,1405.,1417.,1746.,1284.,1294.5,1588.,1364.,1374.5667,1682.,"{158., 143., 124., 124., 123., 122., 123., 122., 123., 122., 123., 123., 122., 122., 122., 123., 122., 138., 123., 122., 123., 122., 122., 123., 123., 123., 123., 122., 122., 122., 122., 122., 122., 122., 123., 123., 122., 123., 122., 131., 123., 123., 122., 122., 122., 122., 122., 121., 134., 133.}","{64., 47., 44., 43., 43., 43., 43., 42., 43., 42., 42., 43., 42., 43., 43., 42., 42., 43., 42., 42., 43., 42., 43., 42., 43., 42., 43., 42., 42., 42., 43., 42., 42., 42., 42., 43., 42., 43., 43., 42., 43., 55., 45., 42., 41., 42., 42., 42., 42., 42.}","{1746., 1481., 1417., 1427., 1412., 1411., 1423., 1579., 1421., 1429., 1409., 1405., 1424., 1408., 1588., 1413., 1408., 1420., 1412., 1407., 1421., 1578., 1408., 1423., 1408., 1407., 1422., 1414., 1595., 1410., 1407., 1422., 1410., 1406., 1421., 1572., 1407., 1420., 1406., 1406., 1419., 1435., 1549., 1412., 1408., 1422., 1409., 1406., 1456., 1536.}"
289,297,"stage3_unit22/bn1","stage3_unit22/conv3",8,"stage3_unit22/bn1-stage3_unit22/relu1-stage3_unit22/conv1-stage3_unit22/bn2-stage3_unit22/relu2-stage3_unit22/conv2-stage3_unit22/bn3-stage3_unit22/relu3-stage3_unit22/conv3","BatchNormalization","Convolution","List-List-List-List-List-List-List-List-List",116.,117.2333,143.,204.,205.3,286.,1500.,1522.5,1665.,1384.,1405.2667000000001,1522.,1296.,1317.2,1379.,"{143., 126., 119., 118., 118., 118., 117., 117., 117., 117., 118., 117., 118., 117., 117., 118., 117., 117., 130., 117., 117., 118., 117., 117., 117., 118., 118., 118., 117., 117., 117., 117., 117., 117., 117., 117., 117., 117., 117., 118., 116., 118., 117., 117., 116., 117., 117., 117., 117., 118.}","{286., 214., 208., 207., 205., 221., 206., 206., 204., 247., 232., 230., 232., 240., 205., 205., 205., 204., 205., 205., 205., 205., 209., 204., 218., 206., 205., 205., 205., 205., 204., 205., 204., 204., 204., 205., 204., 205., 204., 204., 205., 204., 205., 217., 206., 205., 205., 204., 204., 204.}","{1658., 1555., 1659., 1522., 1524., 1503., 1502., 1519., 1542., 1640., 1512., 1500., 1516., 1502., 1517., 1648., 1538., 1521., 1505., 1506., 1523., 1557., 1632., 1510., 1510., 1521., 1510., 1516., 1665., 1533., 1520., 1508., 1505., 1524., 1562., 1622., 1509., 1509., 1526., 1507., 1517., 1664., 1507., 1521., 1505., 1506., 1519., 1562., 1622., 1507.}"
290,298,"stage3_unit22/relu1","stage3_unit22/_plus_stage3_unit22",8,"stage3_unit22/relu1-stage3_unit22/conv1-stage3_unit22/bn2-stage3_unit22/relu2-stage3_unit22/conv2-stage3_unit22/bn3-stage3_unit22/relu3-stage3_unit22/conv3-stage3_unit22/_plus_stage3_unit22","Elementwise","Threading","List-List-List-List-List-List-List-List-List",100.,101.1667,123.,124.,125.1333,159.,"","","","","","","","","","{123., 114., 102., 103., 101., 102., 101., 100., 101., 101., 102., 115., 102., 102., 102., 101., 101., 101., 101., 101., 102., 102., 101., 102., 100., 102., 100., 101., 101., 101., 101., 101., 100., 101., 101., 101., 101., 101., 100., 101., 101., 101., 101., 101., 101., 101., 101., 102., 100., 101.}","{159., 136., 127., 125., 126., 125., 125., 125., 126., 125., 126., 125., 125., 124., 126., 126., 125., 124., 137., 125., 125., 125., 125., 125., 125., 125., 126., 124., 125., 124., 125., 125., 125., 124., 126., 125., 124., 126., 125., 125., 125., 125., 125., 125., 125., 125., 126., 124., 126., 124.}",""
291,299,"stage3_unit22/conv1","stage3_unit23/bn1",8,"stage3_unit22/conv1-stage3_unit22/bn2-stage3_unit22/relu2-stage3_unit22/conv2-stage3_unit22/bn3-stage3_unit22/relu3-stage3_unit22/conv3-stage3_unit22/_plus_stage3_unit22-stage3_unit23/bn1","Convolution","BatchNormalization","List-List-List-List-List-List-List-List-List",226.,229.8,314.,116.,117.4,142.,"","","","","","","","","","{314., 237., 232., 230., 230., 230., 231., 230., 229., 246., 230., 230., 229., 229., 230., 229., 229., 228., 229., 229., 235., 273., 258., 257., 258., 252., 232., 230., 230., 229., 229., 229., 229., 229., 235., 229., 229., 229., 230., 228., 229., 228., 228., 243., 229., 227., 227., 226., 226., 227.}","{142., 126., 119., 119., 116., 118., 117., 118., 117., 128., 119., 118., 117., 117., 118., 118., 118., 117., 118., 117., 120., 118., 118., 117., 118., 117., 118., 116., 118., 117., 117., 117., 117., 117., 117., 117., 117., 117., 118., 116., 117., 117., 118., 117., 117., 117., 117., 117., 118., 117.}",""
292,300,"stage3_unit22/bn2","stage3_unit23/relu1",8,"stage3_unit22/bn2-stage3_unit22/relu2-stage3_unit22/conv2-stage3_unit22/bn3-stage3_unit22/relu3-stage3_unit22/conv3-stage3_unit22/_plus_stage3_unit22-stage3_unit23/bn1-stage3_unit23/relu1","BatchNormalization","Elementwise","List-List-List-List-List-List-List-List-List",49.,49.633300000000006,70.,100.,100.6667,118.,"","","","","","","","","","{70., 54., 52., 50., 50., 50., 50., 59., 51., 50., 49., 49., 49., 49., 49., 49., 49., 50., 49., 49., 49., 50., 56., 55., 50., 50., 50., 50., 49., 50., 50., 49., 49., 49., 49., 50., 49., 49., 50., 50., 49., 50., 50., 50., 49., 50., 49., 50., 49., 50.}","{118., 104., 101., 101., 102., 101., 100., 101., 100., 101., 100., 100., 101., 101., 101., 101., 101., 101., 100., 100., 101., 100., 100., 101., 101., 100., 101., 100., 113., 100., 100., 101., 100., 101., 100., 101., 101., 100., 101., 100., 100., 101., 101., 101., 101., 101., 100., 100., 100., 101.}",""
293,301,"stage3_unit22/relu2","stage3_unit23/conv1",8,"stage3_unit22/relu2-stage3_unit22/conv2-stage3_unit22/bn3-stage3_unit22/relu3-stage3_unit22/conv3-stage3_unit22/_plus_stage3_unit22-stage3_unit23/bn1-stage3_unit23/relu1-stage3_unit23/conv1","Elementwise","Convolution","List-List-List-List-List-List-List-List-List",42.,42.,59.,228.,229.8667,328.,"","","","","","","","","","{59., 47., 43., 42., 42., 42., 42., 42., 42., 42., 43., 42., 42., 42., 42., 42., 43., 42., 42., 42., 43., 42., 42., 42., 42., 42., 42., 42., 42., 42., 42., 42., 42., 42., 43., 42., 42., 42., 42., 42., 42., 42., 52., 44., 42., 43., 42., 42., 42., 42.}","{328., 239., 233., 232., 231., 230., 230., 230., 229., 230., 228., 230., 229., 229., 229., 229., 229., 247., 231., 229., 269., 258., 257., 256., 269., 229., 230., 229., 229., 229., 228., 228., 230., 242., 231., 236., 228., 230., 230., 229., 229., 230., 230., 229., 229., 230., 230., 229., 229., 229.}",""
294,302,"stage3_unit22/conv2","stage3_unit23/bn2",8,"stage3_unit22/conv2-stage3_unit22/bn3-stage3_unit22/relu3-stage3_unit22/conv3-stage3_unit22/_plus_stage3_unit22-stage3_unit23/bn1-stage3_unit23/relu1-stage3_unit23/conv1-stage3_unit23/bn2","Convolution","BatchNormalization","List-List-List-List-List-List-List-List-List",806.,817.7667,926.,49.,49.6,73.,"","","","","","","","","","{921., 846., 814., 824., 820., 810., 808., 807., 825., 860., 926., 807., 808., 822., 807., 807., 806., 808., 823., 808., 807., 845., 910., 838., 812., 811., 810., 810., 824., 811., 810., 810., 822., 849., 914., 840., 812., 823., 812., 811., 809., 809., 827., 814., 811., 833., 914., 849., 826., 810.}","{73., 56., 52., 51., 51., 51., 50., 50., 49., 49., 51., 49., 49., 49., 49., 49., 50., 50., 50., 50., 49., 49., 50., 50., 50., 50., 49., 49., 49., 49., 50., 49., 50., 50., 50., 49., 50., 50., 49., 49., 49., 49., 50., 49., 50., 49., 49., 50., 50., 50.}",""
295,303,"stage3_unit22/bn3","stage3_unit23/relu2",8,"stage3_unit22/bn3-stage3_unit22/relu3-stage3_unit22/conv3-stage3_unit22/_plus_stage3_unit22-stage3_unit23/bn1-stage3_unit23/relu1-stage3_unit23/conv1-stage3_unit23/bn2-stage3_unit23/relu2","BatchNormalization","Elementwise","List-List-List-List-List-List-List-List-List",49.,49.300000000000004,76.,42.,42.133300000000006,61.,"","","","","","","","","","{76., 55., 52., 50., 51., 51., 50., 49., 49., 49., 50., 49., 50., 50., 49., 49., 49., 49., 49., 49., 50., 49., 49., 62., 51., 50., 50., 49., 49., 49., 49., 50., 49., 49., 49., 49., 50., 49., 49., 49., 49., 49., 49., 49., 49., 49., 50., 50., 49., 49.}","{61., 48., 44., 43., 42., 42., 42., 43., 42., 42., 43., 42., 42., 42., 43., 42., 42., 42., 43., 42., 55., 44., 42., 42., 42., 43., 42., 42., 42., 42., 42., 43., 42., 42., 42., 42., 42., 42., 42., 42., 43., 42., 42., 42., 42., 42., 42., 43., 42., 42.}",""
296,304,"stage3_unit22/relu3","stage3_unit23/conv2",8,"stage3_unit22/relu3-stage3_unit22/conv3-stage3_unit22/_plus_stage3_unit22-stage3_unit23/bn1-stage3_unit23/relu1-stage3_unit23/conv1-stage3_unit23/bn2-stage3_unit23/relu2-stage3_unit23/conv2","Elementwise","Convolution","List-List-List-List-List-List-List-List-List",41.,42.033300000000004,60.,803.,812.,934.,"","","","","","","","","","{60., 47., 44., 43., 43., 42., 42., 42., 42., 42., 42., 42., 41., 42., 42., 42., 42., 42., 43., 42., 42., 42., 42., 42., 42., 43., 42., 42., 42., 42., 42., 42., 42., 42., 41., 42., 42., 52., 43., 42., 43., 42., 43., 42., 42., 42., 42., 42., 42., 42.}","{923., 821., 826., 808., 806., 807., 806., 820., 806., 806., 861., 904., 817., 806., 804., 805., 817., 804., 805., 805., 804., 818., 845., 918., 818., 803., 823., 808., 808., 808., 808., 818., 807., 808., 836., 909., 846., 808., 807., 807., 808., 817., 807., 806., 807., 805., 828., 934., 843., 807.}",""
297,305,"stage3_unit22/conv3","stage3_unit23/bn3",8,"stage3_unit22/conv3-stage3_unit22/_plus_stage3_unit22-stage3_unit23/bn1-stage3_unit23/relu1-stage3_unit23/conv1-stage3_unit23/bn2-stage3_unit23/relu2-stage3_unit23/conv2-stage3_unit23/bn3","Convolution","BatchNormalization","List-List-List-List-List-List-List-List-List",203.,204.60000000000002,271.,48.,49.133300000000006,71.,"","","","","","","","","","{271., 215., 207., 205., 205., 204., 204., 204., 203., 204., 203., 203., 235., 232., 229., 229., 228., 237., 218., 204., 203., 204., 203., 206., 205., 204., 204., 204., 204., 204., 203., 204., 204., 204., 203., 208., 204., 222., 208., 205., 204., 204., 204., 204., 203., 203., 204., 205., 203., 204.}","{71., 54., 52., 50., 50., 50., 50., 49., 49., 49., 49., 49., 49., 50., 49., 49., 49., 49., 49., 49., 49., 49., 50., 49., 48., 49., 49., 49., 49., 49., 49., 48., 49., 49., 50., 49., 49., 49., 49., 49., 48., 49., 49., 49., 58., 50., 50., 49., 50., 49.}",""
298,306,"stage3_unit22/_plus_stage3_unit22","stage3_unit23/relu3",8,"stage3_unit22/_plus_stage3_unit22-stage3_unit23/bn1-stage3_unit23/relu1-stage3_unit23/conv1-stage3_unit23/bn2-stage3_unit23/relu2-stage3_unit23/conv2-stage3_unit23/bn3-stage3_unit23/relu3","Threading","Elementwise","List-List-List-List-List-List-List-List-List",124.,125.2333,163.,47.,48.133300000000006,74.,1405.,1520.1667,2941.,1281.,1394.9333000000001,2778.,1358.,1472.0333,2867.,"{163., 149., 128., 126., 125., 125., 125., 126., 125., 125., 126., 125., 126., 125., 126., 124., 126., 124., 133., 125., 125., 125., 125., 125., 133., 125., 125., 126., 125., 125., 125., 125., 125., 125., 126., 126., 125., 125., 125., 126., 125., 125., 125., 126., 125., 125., 125., 125., 125., 137.}","{74., 52., 49., 49., 49., 48., 49., 48., 48., 48., 48., 48., 48., 48., 49., 48., 48., 48., 49., 48., 49., 48., 48., 49., 48., 48., 48., 48., 48., 48., 48., 49., 47., 48., 48., 48., 49., 48., 48., 49., 48., 48., 48., 47., 48., 48., 49., 48., 48., 48.}","{1621., 1463., 1419., 1406., 1424., 1436., 1564., 1429., 1408., 1422., 1407., 1405., 1464., 1519., 1406., 1424., 1410., 1429., 2846., 2903., 2810., 2784., 2900., 2782., 2781., 2765., 2941., 2800., 2767., 1919., 1539., 1449., 1428., 1437., 1438., 1422., 1507., 1490., 1423., 1421., 1434., 1423., 1429., 1537., 1461., 1444., 1426., 1422., 1439., 1420.}"
299,307,"stage3_unit23/bn1","stage3_unit23/conv3",8,"stage3_unit23/bn1-stage3_unit23/relu1-stage3_unit23/conv1-stage3_unit23/bn2-stage3_unit23/relu2-stage3_unit23/conv2-stage3_unit23/bn3-stage3_unit23/relu3-stage3_unit23/conv3","BatchNormalization","Convolution","List-List-List-List-List-List-List-List-List",112.,113.7667,145.,213.,214.5333,282.,1511.,1741.4,3286.,1399.,1627.6333000000002,3141.,1298.,1526.8667,3004.,"{145., 118., 114., 113., 113., 113., 113., 113., 113., 113., 112., 113., 113., 113., 123., 116., 114., 114., 113., 114., 114., 114., 113., 114., 114., 128., 114., 114., 113., 114., 114., 114., 113., 114., 114., 113., 114., 114., 114., 114., 114., 114., 114., 114., 116., 114., 114., 114., 113., 114.}","{282., 223., 216., 215., 214., 213., 214., 213., 213., 214., 213., 213., 214., 219., 234., 219., 214., 215., 214., 215., 213., 215., 214., 214., 214., 213., 214., 257., 241., 241., 240., 257., 229., 217., 214., 215., 213., 214., 214., 214., 214., 214., 213., 215., 214., 214., 215., 214., 213., 213.}","{3286., 3017., 2955., 2991., 3124., 2975., 2962., 3109., 2976., 2961., 3092., 2985., 2983., 2616., 1702., 1517., 1542., 1518., 1530., 1516., 1624., 1584., 1512., 1527., 1536., 1516., 1539., 1671., 1549., 1525., 1511., 1531., 1512., 1657., 1574., 1521., 1534., 1530., 1511., 1585., 1615., 1523., 1523., 1511., 1558., 1516., 1672., 1530., 1519., 1547.}"
300,308,"stage3_unit23/relu1","stage3_unit23/_plus_stage3_unit23",8,"stage3_unit23/relu1-stage3_unit23/conv1-stage3_unit23/bn2-stage3_unit23/relu2-stage3_unit23/conv2-stage3_unit23/bn3-stage3_unit23/relu3-stage3_unit23/conv3-stage3_unit23/_plus_stage3_unit23","Elementwise","Threading","List-List-List-List-List-List-List-List-List",124.,126.03330000000001,155.,144.,146.4333,185.,"","","","","","","","","","{155., 135., 127., 127., 127., 126., 126., 126., 146., 130., 126., 126., 127., 125., 125., 125., 126., 126., 126., 127., 126., 126., 127., 139., 125., 126., 126., 126., 125., 125., 126., 124., 125., 126., 126., 126., 125., 125., 126., 126., 126., 127., 126., 125., 125., 142., 126., 126., 127., 125.}","{185., 152., 146., 144., 144., 146., 145., 144., 146., 144., 146., 145., 145., 144., 144., 145., 144., 145., 145., 145., 157., 150., 148., 146., 147., 146., 147., 147., 147., 147., 146., 147., 146., 147., 146., 146., 146., 150., 158., 153., 147., 147., 148., 147., 148., 147., 159., 148., 147., 147.}",""
301,309,"stage3_unit23/conv1","stage4_unit1/bn1",8,"stage3_unit23/conv1-stage3_unit23/bn2-stage3_unit23/relu2-stage3_unit23/conv2-stage3_unit23/bn3-stage3_unit23/relu3-stage3_unit23/conv3-stage3_unit23/_plus_stage3_unit23-stage4_unit1/bn1","Convolution","BatchNormalization","List-List-List-List-List-List-List-List-List",380.,382.73330000000004,469.,176.,177.,211.,"","","","","","","","","","{469., 388., 384., 383., 397., 383., 438., 428., 427., 382., 381., 380., 380., 381., 394., 382., 382., 383., 386., 381., 381., 381., 381., 382., 394., 383., 381., 381., 381., 380., 381., 388., 439., 427., 425., 383., 383., 381., 381., 381., 381., 380., 381., 381., 381., 394., 381., 382., 381., 381.}","{211., 181., 179., 177., 185., 177., 178., 177., 177., 177., 176., 191., 177., 177., 177., 176., 177., 176., 176., 176., 178., 177., 177., 176., 177., 177., 177., 177., 177., 176., 176., 177., 178., 177., 193., 177., 177., 177., 177., 177., 177., 176., 177., 176., 177., 176., 177., 179., 183., 177.}",""
302,310,"stage3_unit23/bn2","stage4_unit1/relu1",8,"stage3_unit23/bn2-stage3_unit23/relu2-stage3_unit23/conv2-stage3_unit23/bn3-stage3_unit23/relu3-stage3_unit23/conv3-stage3_unit23/_plus_stage3_unit23-stage4_unit1/bn1-stage4_unit1/relu1","BatchNormalization","Elementwise","List-List-List-List-List-List-List-List-List",66.,66.4667,89.,125.,125.7667,145.,"","","","","","","","","","{89., 69., 67., 67., 67., 66., 66., 67., 66., 66., 67., 66., 67., 66., 67., 66., 73., 67., 67., 66., 67., 66., 66., 66., 67., 66., 66., 66., 67., 66., 67., 66., 67., 66., 66., 67., 66., 66., 66., 66., 67., 67., 67., 66., 67., 66., 67., 67., 66., 66.}","{145., 128., 126., 126., 126., 125., 126., 126., 125., 126., 127., 126., 125., 126., 125., 126., 125., 126., 126., 126., 127., 125., 140., 126., 125., 125., 125., 132., 126., 125., 125., 126., 126., 126., 126., 125., 127., 125., 126., 126., 126., 125., 127., 125., 125., 125., 126., 126., 126., 126.}",""
303,311,"stage3_unit23/relu2","stage4_unit1/sc",8,"stage3_unit23/relu2-stage3_unit23/conv2-stage3_unit23/bn3-stage3_unit23/relu3-stage3_unit23/conv3-stage3_unit23/_plus_stage3_unit23-stage4_unit1/bn1-stage4_unit1/relu1-stage4_unit1/sc","Elementwise","Convolution","List-List-List-List-List-List-List-List-List",50.,50.800000000000004,71.,660.,1194.4333000000001,1467.,"","","","","","","","","","{71., 54., 52., 51., 51., 51., 50., 50., 50., 51., 68., 51., 51., 50., 50., 51., 51., 50., 50., 51., 50., 55., 53., 51., 51., 51., 50., 50., 51., 50., 51., 51., 51., 50., 51., 50., 51., 50., 51., 51., 50., 51., 51., 51., 51., 51., 50., 51., 51., 51.}","{1467., 1310., 1235., 1227., 1222., 1209., 1367., 1216., 1214., 1206., 1228., 1215., 1205., 1192., 1325., 1202., 1189., 1177., 1179., 1178., 1191., 1178., 1267., 1259., 1181., 1179., 1190., 1179., 1180., 1179., 1244., 1289., 1179., 1190., 1179., 1177., 1190., 1180., 1177., 1323., 1207., 1178., 1178., 1191., 1178., 1177., 1155., 698., 703., 660.}",""
304,312,"stage3_unit23/conv2","stage4_unit1/conv1",8,"stage3_unit23/conv2-stage3_unit23/bn3-stage3_unit23/relu3-stage3_unit23/conv3-stage3_unit23/_plus_stage3_unit23-stage4_unit1/bn1-stage4_unit1/relu1-stage4_unit1/sc-stage4_unit1/conv1","Convolution","Convolution","List-List-List-List-List-List-List-List-List",796.,807.3667,946.,"","","","","","","","","","","","","{946., 901., 917., 803., 802., 799., 800., 813., 808., 800., 799., 801., 814., 838., 900., 813., 798., 816., 798., 812., 809., 798., 818., 798., 811., 798., 917., 862., 799., 796., 807., 798., 825., 803., 802., 801., 814., 818., 906., 856., 799., 801., 815., 802., 799., 810., 813., 803., 812., 802.}","",""
305,313,"stage3_unit23/bn3","stage4_unit1/bn2",8,"stage3_unit23/bn3-stage3_unit23/relu3-stage3_unit23/conv3-stage3_unit23/_plus_stage3_unit23-stage4_unit1/bn1-stage4_unit1/relu1-stage4_unit1/sc-stage4_unit1/conv1-stage4_unit1/bn2","BatchNormalization","BatchNormalization","List-List-List-List-List-List-List-List-List",49.,50.,75.,72.,72.83330000000001,105.,"","","","","","","","","","{75., 56., 51., 50., 50., 50., 50., 50., 49., 49., 49., 50., 49., 49., 50., 50., 50., 58., 53., 51., 50., 50., 51., 50., 50., 50., 50., 50., 50., 50., 50., 49., 50., 50., 50., 50., 50., 50., 50., 50., 50., 50., 53., 50., 49., 49., 50., 50., 49., 49.}","{105., 84., 76., 74., 73., 73., 74., 73., 73., 73., 73., 74., 73., 72., 73., 72., 88., 75., 73., 73., 73., 73., 73., 74., 73., 72., 72., 73., 73., 73., 73., 72., 72., 72., 73., 73., 73., 72., 72., 72., 72., 73., 72., 73., 73., 72., 72., 73., 73., 72.}",""
306,314,"stage3_unit23/relu3","stage4_unit1/relu2",8,"stage3_unit23/relu3-stage3_unit23/conv3-stage3_unit23/_plus_stage3_unit23-stage4_unit1/bn1-stage4_unit1/relu1-stage4_unit1/sc-stage4_unit1/conv1-stage4_unit1/bn2-stage4_unit1/relu2","Elementwise","Elementwise","List-List-List-List-List-List-List-List-List",41.,42.133300000000006,62.,59.,60.033300000000004,83.,"","","","","","","","","","{62., 47., 44., 43., 42., 41., 50., 43., 43., 42., 42., 43., 42., 42., 42., 42., 43., 42., 42., 42., 42., 42., 42., 42., 42., 43., 42., 42., 42., 42., 43., 42., 42., 42., 52., 44., 42., 42., 42., 42., 42., 42., 42., 42., 42., 42., 42., 42., 42., 43.}","{83., 66., 62., 60., 60., 61., 60., 60., 61., 61., 60., 60., 60., 59., 61., 60., 61., 60., 59., 72., 60., 60., 60., 60., 60., 60., 60., 60., 60., 59., 60., 60., 60., 60., 60., 59., 59., 60., 61., 61., 60., 59., 60., 60., 60., 60., 60., 59., 60., 59.}",""
307,315,"stage3_unit23/conv3","stage4_unit1/conv2",8,"stage3_unit23/conv3-stage3_unit23/_plus_stage3_unit23-stage4_unit1/bn1-stage4_unit1/relu1-stage4_unit1/sc-stage4_unit1/conv1-stage4_unit1/bn2-stage4_unit1/relu2-stage4_unit1/conv2","Convolution","Convolution","List-List-List-List-List-List-List-List-List",204.,204.9333,311.,"","","","","","","","","","","","","{311., 246., 229., 229., 233., 243., 207., 205., 205., 205., 205., 204., 204., 204., 204., 205., 204., 204., 205., 204., 204., 204., 204., 204., 217., 206., 204., 204., 205., 205., 204., 204., 204., 204., 204., 204., 204., 204., 204., 204., 204., 204., 204., 204., 221., 206., 204., 234., 234., 231.}","",""
308,316,"stage3_unit23/_plus_stage3_unit23","stage4_unit1/bn3",8,"stage3_unit23/_plus_stage3_unit23-stage4_unit1/bn1-stage4_unit1/relu1-stage4_unit1/sc-stage4_unit1/conv1-stage4_unit1/bn2-stage4_unit1/relu2-stage4_unit1/conv2-stage4_unit1/bn3","Threading","BatchNormalization","List-List-List-List-List-List-List-List-List",124.,125.33330000000001,186.,45.,46.2333,68.,"","","","","","","","","","{186., 158., 128., 127., 126., 126., 126., 125., 126., 125., 126., 126., 125., 125., 125., 126., 125., 125., 126., 138., 127., 126., 125., 125., 125., 125., 125., 125., 126., 125., 124., 126., 125., 126., 125., 125., 125., 125., 125., 125., 125., 132., 125., 126., 125., 125., 125., 125., 125., 125.}","{68., 51., 48., 47., 47., 47., 47., 46., 46., 45., 46., 47., 46., 47., 46., 47., 46., 47., 54., 47., 46., 47., 46., 46., 46., 46., 46., 46., 45., 46., 46., 46., 46., 46., 47., 46., 46., 47., 46., 46., 46., 46., 46., 46., 46., 46., 46., 47., 46., 46.}",""
309,317,"stage4_unit1/bn1","stage4_unit1/relu3",8,"stage4_unit1/bn1-stage4_unit1/relu1-stage4_unit1/sc-stage4_unit1/conv1-stage4_unit1/bn2-stage4_unit1/relu2-stage4_unit1/conv2-stage4_unit1/bn3-stage4_unit1/relu3","BatchNormalization","Elementwise","List-List-List-List-List-List-List-List-List",118.,119.2333,143.,35.,36.,51.,"","","","","","","","","","{143., 123., 121., 120., 120., 120., 120., 119., 119., 119., 120., 133., 121., 119., 120., 119., 118., 119., 119., 120., 120., 119., 119., 119., 119., 119., 119., 119., 119., 118., 119., 119., 118., 119., 119., 119., 118., 119., 119., 119., 118., 119., 119., 120., 132., 120., 120., 119., 119., 119.}","{51., 39., 37., 37., 37., 36., 36., 36., 36., 36., 36., 36., 36., 36., 35., 36., 36., 36., 36., 36., 36., 36., 36., 36., 36., 36., 35., 35., 37., 36., 36., 36., 36., 37., 35., 35., 36., 36., 36., 36., 36., 36., 36., 36., 36., 36., 36., 36., 48., 37.}",""
310,318,"stage4_unit1/relu1","stage4_unit1/conv3",8,"stage4_unit1/relu1-stage4_unit1/sc-stage4_unit1/conv1-stage4_unit1/bn2-stage4_unit1/relu2-stage4_unit1/conv2-stage4_unit1/bn3-stage4_unit1/relu3-stage4_unit1/conv3","Elementwise","Convolution","List-List-List-List-List-List-List-List-List",99.,100.,117.,"","","","","","","","","","","","","{117., 105., 102., 101., 101., 101., 101., 100., 101., 100., 100., 99., 100., 100., 99., 100., 100., 100., 99., 100., 100., 99., 100., 100., 100., 100., 100., 100., 99., 113., 100., 100., 100., 100., 100., 100., 100., 100., 100., 99., 100., 100., 100., 99., 100., 100., 100., 100., 100., 100.}","",""
311,319,"stage4_unit1/sc","stage4_unit1/_plus_stage4_unit1",8,"stage4_unit1/sc-stage4_unit1/conv1-stage4_unit1/bn2-stage4_unit1/relu2-stage4_unit1/conv2-stage4_unit1/bn3-stage4_unit1/relu3-stage4_unit1/conv3-stage4_unit1/_plus_stage4_unit1","Convolution","Threading","List-List-List-List-List-List-List-List-List",624.,631.7333,814.,75.,76.10000000000001,106.,"","","","","","","","","","{814., 684., 638., 627., 635., 642., 629., 627., 625., 626., 724., 712., 627., 628., 626., 626., 625., 625., 638., 628., 624., 629., 626., 625., 640., 672., 704., 654., 626., 625., 642., 626., 625., 626., 625., 624., 637., 629., 626., 626., 625., 698., 718., 656., 665., 632., 631., 631., 629., 645.}","{106., 98., 78., 78., 77., 76., 77., 77., 77., 76., 76., 77., 76., 77., 76., 76., 76., 76., 75., 77., 76., 76., 75., 76., 76., 76., 76., 76., 75., 76., 76., 76., 76., 76., 75., 76., 76., 76., 76., 76., 77., 76., 76., 76., 76., 76., 76., 75., 77., 76.}",""
312,320,"stage4_unit1/conv1","stage4_unit2/bn1",8,"stage4_unit1/conv1-stage4_unit1/bn2-stage4_unit1/relu2-stage4_unit1/conv2-stage4_unit1/bn3-stage4_unit1/relu3-stage4_unit1/conv3-stage4_unit1/_plus_stage4_unit1-stage4_unit2/bn1","Convolution","BatchNormalization","List-List-List-List-List-List-List-List-List","","","",98.,98.9333,144.,"","","","","","","","","","","{144., 112., 101., 100., 100., 99., 100., 99., 100., 99., 99., 100., 99., 99., 99., 99., 100., 99., 99., 98., 99., 98., 98., 99., 99., 98., 99., 98., 98., 98., 98., 98., 99., 98., 99., 99., 99., 99., 99., 111., 100., 99., 99., 98., 99., 98., 99., 99., 99., 98.}",""
313,321,"stage4_unit1/bn2","stage4_unit2/relu1",8,"stage4_unit1/bn2-stage4_unit1/relu2-stage4_unit1/conv2-stage4_unit1/bn3-stage4_unit1/relu3-stage4_unit1/conv3-stage4_unit1/_plus_stage4_unit1-stage4_unit2/bn1-stage4_unit2/relu1","BatchNormalization","Elementwise","List-List-List-List-List-List-List-List-List",72.,72.8,98.,59.,60.033300000000004,83.,"","","","","","","","","","{98., 79., 76., 75., 74., 73., 73., 73., 73., 73., 73., 72., 73., 73., 72., 73., 73., 73., 73., 73., 73., 72., 73., 73., 73., 73., 73., 72., 72., 72., 73., 73., 72., 72., 73., 87., 74., 74., 73., 72., 72., 72., 72., 73., 73., 72., 72., 72., 72., 73.}","{83., 65., 61., 61., 61., 61., 74., 61., 61., 61., 60., 60., 60., 60., 59., 60., 60., 59., 60., 60., 60., 60., 60., 59., 60., 60., 60., 60., 60., 60., 60., 59., 60., 60., 60., 60., 60., 59., 60., 60., 60., 60., 60., 60., 60., 60., 61., 60., 60., 60.}",""
314,322,"stage4_unit1/relu2","stage4_unit2/conv1",8,"stage4_unit1/relu2-stage4_unit1/conv2-stage4_unit1/bn3-stage4_unit1/relu3-stage4_unit1/conv3-stage4_unit1/_plus_stage4_unit1-stage4_unit2/bn1-stage4_unit2/relu1-stage4_unit2/conv1","Elementwise","Convolution","List-List-List-List-List-List-List-List-List",59.,60.,83.,309.,332.73330000000004,419.,"","","","","","","","","","{83., 66., 62., 61., 60., 60., 60., 60., 60., 59., 60., 60., 60., 60., 60., 60., 71., 61., 60., 60., 60., 60., 59., 60., 60., 59., 60., 60., 60., 60., 60., 60., 59., 59., 60., 60., 60., 59., 59., 59., 60., 60., 60., 60., 60., 60., 60., 60., 59., 60.}","{419., 328., 313., 312., 311., 309., 410., 353., 377., 369., 364., 363., 347., 337., 330., 330., 331., 345., 330., 331., 330., 330., 331., 329., 330., 329., 330., 330., 329., 344., 329., 329., 328., 328., 331., 329., 329., 339., 384., 366., 374., 347., 334., 329., 329., 331., 329., 330., 331., 330.}",""
315,323,"stage4_unit1/conv2","stage4_unit2/bn2",8,"stage4_unit1/conv2-stage4_unit1/bn3-stage4_unit1/relu3-stage4_unit1/conv3-stage4_unit1/_plus_stage4_unit1-stage4_unit2/bn1-stage4_unit2/relu1-stage4_unit2/conv1-stage4_unit2/bn2","Convolution","BatchNormalization","List-List-List-List-List-List-List-List-List","","","",54.,54.133300000000006,80.,"","","","","","","","","","","{80., 58., 55., 55., 54., 55., 55., 54., 54., 55., 54., 54., 55., 55., 54., 54., 54., 54., 54., 55., 54., 54., 54., 54., 54., 54., 54., 55., 54., 54., 54., 54., 54., 54., 54., 54., 55., 54., 54., 54., 54., 54., 54., 54., 54., 55., 54., 54., 55., 54.}",""
316,324,"stage4_unit1/bn3","stage4_unit2/relu2",8,"stage4_unit1/bn3-stage4_unit1/relu3-stage4_unit1/conv3-stage4_unit1/_plus_stage4_unit1-stage4_unit2/bn1-stage4_unit2/relu1-stage4_unit2/conv1-stage4_unit2/bn2-stage4_unit2/relu2","BatchNormalization","Elementwise","List-List-List-List-List-List-List-List-List",54.,54.8333,74.,35.,36.,55.,"","","","","","","","","","{74., 58., 56., 55., 55., 54., 54., 55., 55., 55., 55., 54., 55., 55., 55., 54., 55., 54., 55., 55., 54., 55., 54., 55., 54., 55., 55., 54., 55., 55., 55., 55., 54., 55., 55., 54., 55., 55., 54., 55., 54., 55., 55., 55., 54., 55., 54., 55., 55., 55.}","{55., 39., 37., 36., 36., 37., 36., 36., 37., 49., 37., 36., 36., 36., 36., 36., 36., 36., 36., 36., 36., 36., 36., 36., 36., 36., 36., 37., 35., 36., 36., 36., 36., 35., 36., 36., 36., 36., 36., 36., 36., 35., 35., 36., 35., 36., 36., 36., 36., 36.}",""
317,325,"stage4_unit1/relu3","stage4_unit2/conv2",8,"stage4_unit1/relu3-stage4_unit1/conv3-stage4_unit1/_plus_stage4_unit1-stage4_unit2/bn1-stage4_unit2/relu1-stage4_unit2/conv1-stage4_unit2/bn2-stage4_unit2/relu2-stage4_unit2/conv2","Elementwise","Convolution","List-List-List-List-List-List-List-List-List",35.,36.,53.,821.,829.2,1008.,"","","","","","","","","","{53., 41., 38., 37., 37., 36., 36., 36., 36., 36., 36., 36., 36., 36., 36., 36., 37., 36., 36., 35., 36., 36., 36., 36., 36., 36., 37., 36., 36., 36., 36., 36., 36., 36., 36., 36., 36., 36., 36., 36., 36., 36., 36., 36., 36., 36., 36., 36., 36., 36.}","{1008., 919., 831., 824., 829., 823., 838., 825., 824., 822., 824., 840., 945., 878., 821., 836., 823., 822., 823., 822., 835., 823., 823., 824., 954., 870., 827., 823., 823., 823., 837., 823., 822., 823., 840., 859., 927., 838., 827., 836., 825., 822., 824., 825., 839., 827., 827., 872., 932., 836.}",""
318,326,"stage4_unit1/conv3","stage4_unit2/bn3",8,"stage4_unit1/conv3-stage4_unit1/_plus_stage4_unit1-stage4_unit2/bn1-stage4_unit2/relu1-stage4_unit2/conv1-stage4_unit2/bn2-stage4_unit2/relu2-stage4_unit2/conv2-stage4_unit2/bn3","Convolution","BatchNormalization","List-List-List-List-List-List-List-List-List","","","",47.,48.,70.,"","","","","","","","","","","{70., 52., 50., 49., 48., 48., 49., 48., 48., 48., 48., 48., 48., 48., 48., 47., 48., 48., 49., 48., 49., 48., 48., 48., 49., 48., 48., 48., 48., 48., 48., 48., 47., 47., 48., 47., 48., 48., 48., 48., 48., 47., 48., 48., 48., 48., 48., 48., 48., 48.}",""
319,327,"stage4_unit1/_plus_stage4_unit1","stage4_unit2/relu3",8,"stage4_unit1/_plus_stage4_unit1-stage4_unit2/bn1-stage4_unit2/relu1-stage4_unit2/conv1-stage4_unit2/bn2-stage4_unit2/relu2-stage4_unit2/conv2-stage4_unit2/bn3-stage4_unit2/relu3","Threading","Elementwise","List-List-List-List-List-List-List-List-List",75.,76.2333,102.,35.,36.,59.,1368.,1387.0667,1583.,1293.,1310.8333,1481.,1333.,1351.0667,1524.,"{102., 88., 79., 77., 76., 77., 77., 77., 75., 77., 76., 76., 76., 76., 76., 76., 77., 76., 76., 76., 76., 77., 76., 77., 76., 76., 76., 77., 76., 76., 77., 76., 76., 77., 78., 88., 77., 76., 76., 76., 75., 76., 75., 76., 75., 76., 75., 76., 75., 76.}","{59., 39., 37., 36., 36., 36., 36., 37., 36., 36., 36., 37., 36., 36., 37., 36., 36., 36., 36., 36., 36., 36., 36., 36., 36., 35., 35., 36., 36., 36., 44., 37., 36., 36., 36., 36., 36., 36., 36., 36., 36., 36., 36., 37., 36., 36., 36., 35., 36., 36.}","{1583., 1405., 1374., 1437., 1475., 1368., 1386., 1369., 1369., 1383., 1374., 1529., 1379., 1379., 1391., 1372., 1369., 1383., 1534., 1370., 1391., 1377., 1372., 1387., 1371., 1528., 1389., 1377., 1440., 1383., 1374., 1388., 1525., 1388., 1396., 1392., 1375., 1404., 1378., 1508., 1420., 1377., 1375., 1388., 1374., 1388., 1477., 1421., 1390., 1373.}"
320,328,"stage4_unit2/bn1","stage4_unit2/conv3",8,"stage4_unit2/bn1-stage4_unit2/relu1-stage4_unit2/conv1-stage4_unit2/bn2-stage4_unit2/relu2-stage4_unit2/conv2-stage4_unit2/bn3-stage4_unit2/relu3-stage4_unit2/conv3","BatchNormalization","Convolution","List-List-List-List-List-List-List-List-List",98.,99.10000000000001,130.,292.,297.8,378.,1616.,1640.6333000000002,1948.,1518.,1541.5333,1818.,1324.,1342.8333,1570.,"{130., 107., 102., 100., 100., 100., 101., 99., 99., 99., 100., 99., 99., 99., 98., 99., 99., 99., 99., 99., 99., 99., 99., 99., 99., 99., 99., 99., 99., 99., 99., 99., 99., 99., 114., 100., 99., 99., 99., 99., 99., 99., 106., 100., 99., 99., 99., 99., 100., 98.}","{378., 309., 297., 296., 294., 340., 329., 328., 355., 313., 299., 297., 296., 295., 296., 295., 295., 294., 295., 295., 294., 304., 308., 294., 293., 294., 292., 293., 293., 296., 297., 295., 296., 294., 296., 295., 311., 297., 335., 330., 329., 332., 296., 295., 295., 296., 296., 294., 305., 297.}","{1948., 1659., 1657., 1619., 1637., 1616., 1783., 1648., 1626., 1645., 1624., 1641., 1789., 1632., 1650., 1623., 1642., 1627., 1798., 1670., 1629., 1640., 1640., 1643., 1804., 1628., 1647., 1647., 1674., 1624., 1809., 1632., 1620., 1643., 1619., 1637., 1784., 1640., 1646., 1624., 1646., 1622., 1828., 1633., 1629., 1642., 1620., 1638., 1791., 1625.}"
321,329,"stage4_unit2/relu1","stage4_unit2/_plus_stage4_unit2",8,"stage4_unit2/relu1-stage4_unit2/conv1-stage4_unit2/bn2-stage4_unit2/relu2-stage4_unit2/conv2-stage4_unit2/bn3-stage4_unit2/relu3-stage4_unit2/conv3-stage4_unit2/_plus_stage4_unit2","Elementwise","Threading","List-List-List-List-List-List-List-List-List",59.,59.900000000000006,88.,76.,76.8,99.,"","","","","","","","","","{88., 69., 62., 62., 60., 61., 60., 60., 60., 60., 60., 59., 59., 59., 59., 60., 60., 60., 59., 59., 59., 68., 61., 60., 60., 59., 59., 60., 59., 60., 60., 60., 60., 60., 60., 59., 60., 61., 60., 59., 60., 75., 61., 60., 60., 60., 59., 60., 60., 60.}","{99., 83., 79., 78., 78., 77., 76., 77., 77., 77., 76., 77., 77., 76., 77., 77., 76., 77., 77., 77., 77., 76., 77., 76., 77., 76., 77., 77., 77., 76., 77., 77., 76., 76., 77., 77., 77., 76., 77., 77., 77., 76., 76., 77., 76., 77., 76., 88., 78., 76.}",""
322,330,"stage4_unit2/conv1","stage4_unit3/bn1",8,"stage4_unit2/conv1-stage4_unit2/bn2-stage4_unit2/relu2-stage4_unit2/conv2-stage4_unit2/bn3-stage4_unit2/relu3-stage4_unit2/conv3-stage4_unit2/_plus_stage4_unit2-stage4_unit3/bn1","Convolution","BatchNormalization","List-List-List-List-List-List-List-List-List",307.,309.8,399.,98.,98.80000000000001,125.,"","","","","","","","","","{399., 316., 310., 309., 309., 309., 309., 323., 310., 309., 309., 308., 309., 309., 308., 309., 308., 308., 308., 320., 321., 317., 360., 346., 343., 332., 310., 309., 309., 309., 308., 310., 323., 310., 308., 309., 309., 308., 315., 309., 309., 308., 308., 309., 320., 310., 307., 308., 307., 309.}","{125., 106., 101., 108., 101., 100., 101., 100., 100., 99., 99., 99., 99., 99., 98., 99., 99., 99., 99., 99., 99., 99., 98., 99., 99., 98., 99., 99., 98., 99., 99., 98., 98., 98., 98., 98., 105., 100., 99., 99., 99., 98., 98., 98., 98., 98., 99., 98., 98., 98.}",""
323,331,"stage4_unit2/bn2","stage4_unit3/relu1",8,"stage4_unit2/bn2-stage4_unit2/relu2-stage4_unit2/conv2-stage4_unit2/bn3-stage4_unit2/relu3-stage4_unit2/conv3-stage4_unit2/_plus_stage4_unit2-stage4_unit3/bn1-stage4_unit3/relu1","BatchNormalization","Elementwise","List-List-List-List-List-List-List-List-List",46.,46.633300000000006,63.,59.,60.,84.,"","","","","","","","","","{63., 50., 48., 48., 47., 46., 47., 47., 47., 46., 47., 47., 46., 46., 46., 47., 46., 46., 46., 46., 46., 46., 47., 47., 46., 47., 46., 46., 46., 47., 46., 56., 47., 47., 47., 47., 46., 47., 47., 47., 46., 47., 47., 46., 47., 47., 47., 47., 46., 46.}","{84., 66., 61., 62., 61., 60., 60., 60., 60., 60., 59., 60., 60., 60., 60., 61., 60., 60., 60., 60., 60., 61., 59., 60., 60., 60., 59., 60., 60., 60., 60., 60., 59., 59., 59., 60., 59., 73., 61., 61., 60., 60., 60., 60., 59., 60., 60., 60., 59., 60.}",""
324,332,"stage4_unit2/relu2","stage4_unit3/conv1",8,"stage4_unit2/relu2-stage4_unit2/conv2-stage4_unit2/bn3-stage4_unit2/relu3-stage4_unit2/conv3-stage4_unit2/_plus_stage4_unit2-stage4_unit3/bn1-stage4_unit3/relu1-stage4_unit3/conv1","Elementwise","Convolution","List-List-List-List-List-List-List-List-List",35.,35.9,50.,307.,310.3,451.,"","","","","","","","","","{50., 39., 37., 36., 36., 36., 36., 36., 36., 36., 36., 36., 36., 36., 35., 35., 35., 36., 36., 36., 36., 36., 36., 36., 36., 36., 35., 36., 36., 36., 35., 36., 36., 35., 35., 36., 36., 36., 35., 36., 36., 35., 35., 36., 36., 36., 35., 36., 35., 35.}","{451., 316., 311., 310., 311., 310., 309., 324., 311., 310., 308., 308., 309., 309., 310., 314., 310., 309., 309., 308., 334., 313., 309., 311., 308., 309., 310., 310., 307., 358., 346., 345., 356., 310., 311., 310., 315., 310., 310., 309., 310., 309., 308., 310., 309., 323., 311., 314., 309., 308.}",""
325,333,"stage4_unit2/conv2","stage4_unit3/bn2",8,"stage4_unit2/conv2-stage4_unit2/bn3-stage4_unit2/relu3-stage4_unit2/conv3-stage4_unit2/_plus_stage4_unit2-stage4_unit3/bn1-stage4_unit3/relu1-stage4_unit3/conv1-stage4_unit3/bn2","Convolution","BatchNormalization","List-List-List-List-List-List-List-List-List",822.,831.1667,991.,46.,46.4667,68.,"","","","","","","","","","{991., 871., 835., 831., 824., 840., 825., 824., 875., 929., 842., 824., 823., 823., 836., 828., 822., 822., 822., 841., 892., 927., 834., 829., 841., 828., 827., 827., 826., 840., 829., 825., 909., 911., 829., 826., 826., 825., 840., 828., 827., 825., 825., 838., 927., 879., 826., 833., 827., 826.}","{68., 51., 49., 48., 47., 47., 47., 47., 46., 47., 48., 46., 46., 46., 47., 46., 46., 46., 46., 47., 46., 47., 46., 46., 46., 47., 46., 46., 46., 46., 47., 46., 47., 47., 47., 46., 47., 46., 47., 47., 46., 47., 46., 46., 47., 46., 46., 46., 46., 47.}",""
326,334,"stage4_unit2/bn3","stage4_unit3/relu2",8,"stage4_unit2/bn3-stage4_unit2/relu3-stage4_unit2/conv3-stage4_unit2/_plus_stage4_unit2-stage4_unit3/bn1-stage4_unit3/relu1-stage4_unit3/conv1-stage4_unit3/bn2-stage4_unit3/relu2","BatchNormalization","Elementwise","List-List-List-List-List-List-List-List-List",46.,46.400000000000006,68.,35.,35.7667,51.,"","","","","","","","","","{68., 50., 47., 47., 47., 47., 47., 47., 47., 46., 46., 46., 47., 46., 46., 46., 46., 46., 47., 46., 47., 46., 46., 46., 46., 47., 46., 47., 46., 47., 46., 47., 47., 46., 46., 46., 46., 46., 46., 47., 46., 46., 47., 46., 46., 60., 48., 46., 47., 46.}","{51., 39., 37., 37., 36., 36., 35., 36., 36., 36., 36., 36., 36., 36., 35., 36., 36., 35., 35., 35., 36., 36., 36., 36., 36., 36., 35., 35., 35., 36., 36., 35., 35., 36., 36., 35., 35., 35., 35., 35., 36., 36., 36., 36., 36., 36., 36., 35., 35., 47.}",""
327,335,"stage4_unit2/relu3","stage4_unit3/conv2",8,"stage4_unit2/relu3-stage4_unit2/conv3-stage4_unit2/_plus_stage4_unit2-stage4_unit3/bn1-stage4_unit3/relu1-stage4_unit3/conv1-stage4_unit3/bn2-stage4_unit3/relu2-stage4_unit3/conv2","Elementwise","Convolution","List-List-List-List-List-List-List-List-List",35.,35.800000000000004,49.,822.,830.4000000000001,933.,"","","","","","","","","","{49., 39., 37., 36., 36., 36., 36., 35., 35., 35., 36., 36., 36., 36., 36., 36., 35., 36., 49., 37., 35., 35., 36., 36., 36., 36., 35., 36., 36., 35., 36., 36., 35., 36., 36., 35., 36., 35., 41., 36., 37., 35., 35., 36., 35., 35., 36., 35., 36., 36.}","{923., 833., 825., 824., 840., 825., 822., 822., 822., 867., 926., 855., 825., 837., 824., 823., 824., 823., 837., 825., 823., 865., 933., 842., 830., 825., 826., 839., 827., 828., 826., 825., 837., 886., 921., 826., 827., 841., 836., 827., 825., 827., 839., 825., 825., 900., 930., 828., 834., 825.}",""
328,336,"stage4_unit2/conv3","stage4_unit3/bn3",8,"stage4_unit2/conv3-stage4_unit2/_plus_stage4_unit2-stage4_unit3/bn1-stage4_unit3/relu1-stage4_unit3/conv1-stage4_unit3/bn2-stage4_unit3/relu2-stage4_unit3/conv2-stage4_unit3/bn3","Convolution","BatchNormalization","List-List-List-List-List-List-List-List-List",293.,298.73330000000004,407.,46.,46.2333,66.,"","","","","","","","","","{407., 326., 333., 329., 329., 338., 304., 293., 293., 293., 302., 296., 296., 311., 298., 296., 296., 297., 297., 298., 297., 298., 296., 298., 297., 299., 311., 298., 298., 296., 297., 296., 297., 296., 297., 333., 331., 330., 336., 310., 298., 296., 296., 296., 296., 296., 294., 296., 295., 294.}","{66., 51., 48., 47., 47., 46., 46., 46., 47., 46., 46., 46., 46., 46., 46., 47., 46., 46., 47., 46., 46., 47., 46., 46., 46., 47., 46., 46., 47., 46., 47., 47., 46., 46., 46., 46., 47., 46., 47., 46., 46., 46., 46., 47., 46., 46., 46., 47., 46., 46.}",""
329,337,"stage4_unit2/_plus_stage4_unit2","stage4_unit3/relu3",8,"stage4_unit2/_plus_stage4_unit2-stage4_unit3/bn1-stage4_unit3/relu1-stage4_unit3/conv1-stage4_unit3/bn2-stage4_unit3/relu2-stage4_unit3/conv2-stage4_unit3/bn3-stage4_unit3/relu3","Threading","Elementwise","List-List-List-List-List-List-List-List-List",76.,77.,106.,35.,35.6667,55.,1369.,1386.1333,1554.,1293.,1309.1333,1448.,1334.,1350.4667000000002,1499.,"{106., 89., 79., 78., 77., 77., 77., 78., 77., 77., 77., 78., 77., 77., 77., 77., 77., 77., 78., 77., 77., 77., 77., 77., 76., 77., 77., 77., 77., 77., 76., 77., 76., 77., 77., 76., 77., 76., 77., 77., 77., 77., 88., 78., 77., 77., 77., 77., 76., 77.}","{55., 40., 36., 36., 36., 36., 36., 35., 35., 36., 35., 36., 36., 35., 35., 35., 35., 36., 36., 36., 35., 35., 36., 36., 35., 36., 36., 35., 35., 36., 35., 36., 36., 35., 35., 36., 36., 36., 35., 36., 36., 36., 36., 35., 35., 36., 35., 36., 36., 35.}","{1554., 1400., 1382., 1387., 1526., 1371., 1387., 1369., 1370., 1386., 1370., 1508., 1418., 1373., 1375., 1383., 1373., 1385., 1487., 1427., 1387., 1373., 1370., 1390., 1374., 1459., 1448., 1373., 1371., 1389., 1370., 1369., 1447., 1462., 1373., 1387., 1369., 1387., 1373., 1426., 1511., 1376., 1387., 1387., 1372., 1373., 1388., 1522., 1373., 1392.}"
330,338,"stage4_unit3/bn1","stage4_unit3/conv3",8,"stage4_unit3/bn1-stage4_unit3/relu1-stage4_unit3/conv1-stage4_unit3/bn2-stage4_unit3/relu2-stage4_unit3/conv2-stage4_unit3/bn3-stage4_unit3/relu3-stage4_unit3/conv3","BatchNormalization","Convolution","List-List-List-List-List-List-List-List-List",98.,98.7333,129.,295.,299.2667,388.,1617.,1654.9333000000001,1874.,1519.,1556.2,1745.,1322.,1355.6667,1486.,"{129., 107., 111., 102., 100., 100., 99., 99., 100., 99., 99., 98., 99., 99., 99., 98., 99., 99., 99., 100., 98., 99., 99., 98., 98., 98., 99., 98., 98., 99., 98., 99., 98., 98., 98., 98., 98., 98., 98., 99., 99., 99., 112., 100., 99., 99., 98., 99., 99., 98.}","{388., 309., 301., 299., 300., 298., 297., 298., 346., 333., 332., 329., 311., 299., 297., 297., 298., 300., 297., 298., 297., 298., 300., 297., 297., 313., 299., 296., 297., 296., 297., 299., 296., 296., 296., 296., 297., 300., 312., 297., 296., 349., 331., 330., 318., 295., 296., 295., 296., 296.}","{1874., 1757., 1647., 1618., 1617., 1646., 1673., 1742., 1622., 1642., 1632., 1626., 1694., 1741., 1648., 1632., 1630., 1651., 1704., 1769., 1638., 1644., 1624., 1656., 1698., 1730., 1643., 1628., 1625., 1650., 1682., 1749., 1623., 1656., 1628., 1627., 1696., 1722., 1655., 1623., 1625., 1645., 1679., 1745., 1627., 1661., 1638., 1630., 1695., 1727.}"
331,339,"stage4_unit3/relu1","stage4_unit3/_plus_stage4_unit3",8,"stage4_unit3/relu1-stage4_unit3/conv1-stage4_unit3/bn2-stage4_unit3/relu2-stage4_unit3/conv2-stage4_unit3/bn3-stage4_unit3/relu3-stage4_unit3/conv3-stage4_unit3/_plus_stage4_unit3","Elementwise","Threading","List-List-List-List-List-List-List-List-List",59.,59.800000000000004,89.,75.,76.86670000000001,101.,"","","","","","","","","","{89., 69., 63., 61., 61., 60., 60., 60., 60., 60., 60., 59., 60., 60., 59., 60., 60., 60., 60., 60., 60., 60., 59., 59., 60., 59., 59., 60., 60., 59., 59., 59., 59., 69., 60., 60., 59., 60., 60., 60., 60., 59., 60., 60., 60., 60., 59., 59., 59., 59.}","{101., 82., 79., 78., 78., 78., 90., 79., 77., 77., 76., 77., 78., 77., 76., 77., 76., 77., 76., 77., 76., 77., 77., 77., 77., 77., 91., 87., 78., 77., 76., 77., 77., 77., 76., 76., 76., 76., 76., 76., 77., 77., 76., 76., 76., 77., 77., 75., 77., 77.}",""
332,340,"stage4_unit3/conv1","bn1",8,"stage4_unit3/conv1-stage4_unit3/bn2-stage4_unit3/relu2-stage4_unit3/conv2-stage4_unit3/bn3-stage4_unit3/relu3-stage4_unit3/conv3-stage4_unit3/_plus_stage4_unit3-bn1","Convolution","BatchNormalization","List-List-List-List-List-List-List-List-List",307.,309.8333,391.,97.,98.2667,125.,"","","","","","","","","","{391., 316., 311., 310., 310., 310., 309., 311., 309., 324., 310., 309., 308., 309., 307., 310., 309., 309., 309., 309., 309., 309., 325., 310., 347., 346., 344., 356., 310., 309., 309., 308., 308., 315., 323., 311., 309., 310., 309., 312., 309., 309., 309., 309., 309., 310., 308., 320., 310., 309.}","{125., 104., 101., 111., 101., 99., 98., 97., 98., 98., 98., 106., 100., 98., 99., 98., 98., 97., 98., 97., 98., 98., 99., 98., 98., 99., 98., 98., 98., 97., 98., 98., 98., 99., 99., 98., 98., 98., 98., 98., 98., 98., 97., 112., 100., 99., 99., 99., 98., 98.}",""
333,341,"stage4_unit3/bn2","relu1",8,"stage4_unit3/bn2-stage4_unit3/relu2-stage4_unit3/conv2-stage4_unit3/bn3-stage4_unit3/relu3-stage4_unit3/conv3-stage4_unit3/_plus_stage4_unit3-bn1-relu1","BatchNormalization","Elementwise","List-List-List-List-List-List-List-List-List",45.,46.,65.,59.,59.400000000000006,84.,"","","","","","","","","","{65., 50., 48., 47., 46., 46., 46., 45., 46., 46., 46., 46., 46., 46., 46., 46., 46., 46., 46., 46., 46., 46., 46., 46., 46., 46., 47., 46., 46., 46., 47., 46., 46., 46., 46., 46., 46., 46., 46., 45., 46., 46., 46., 47., 46., 46., 46., 54., 46., 46.}","{84., 65., 63., 61., 60., 60., 60., 60., 60., 60., 60., 60., 59., 60., 60., 59., 59., 59., 59., 60., 60., 59., 59., 59., 59., 59., 59., 59., 59., 59., 59., 60., 59., 59., 59., 60., 60., 59., 59., 59., 59., 59., 59., 59., 59., 59., 59., 60., 60., 60.}",""
334,342,"stage4_unit3/relu2","pool1",8,"stage4_unit3/relu2-stage4_unit3/conv2-stage4_unit3/bn3-stage4_unit3/relu3-stage4_unit3/conv3-stage4_unit3/_plus_stage4_unit3-bn1-relu1-pool1","Elementwise","Aggregation","List-List-List-List-List-List-List-List-List",35.,35.800000000000004,51.,1876.,1884.9333000000001,1938.,"","","","","","","","","","{51., 39., 37., 36., 36., 36., 36., 35., 48., 36., 36., 35., 36., 36., 36., 35., 35., 36., 36., 36., 36., 35., 35., 36., 36., 36., 35., 35., 36., 36., 36., 35., 36., 36., 36., 36., 35., 35., 36., 36., 36., 36., 35., 35., 36., 36., 36., 35., 35., 35.}","{1938., 1884., 1890., 1878., 1887., 1884., 1886., 1897., 1893., 1877., 1886., 1884., 1887., 1877., 1890., 1880., 1887., 1892., 1880., 1887., 1876., 1900., 1882., 1887., 1876., 1891., 1880., 1894., 1876., 1890., 1880., 1886., 1885., 1877., 1890., 1880., 1886., 1885., 1892., 1880., 1889., 1876., 1895., 1881., 1887., 1876., 1889., 1879., 1895., 1876.}",""
335,343,"stage4_unit3/conv2","fc1",8,"stage4_unit3/conv2-stage4_unit3/bn3-stage4_unit3/relu3-stage4_unit3/conv3-stage4_unit3/_plus_stage4_unit3-bn1-relu1-pool1-fc1","Convolution","Linear","List-List-List-List-List-List-List-List-List",821.,829.1667,1056.,2396.,2458.1667,2570.,"","","","","","","","","","{1056., 994., 834., 826., 840., 828., 823., 825., 822., 834., 824., 824., 884., 939., 823., 824., 821., 823., 836., 824., 824., 822., 822., 834., 896., 902., 822., 822., 840., 823., 822., 823., 823., 839., 825., 824., 910., 908., 827., 825., 826., 826., 851., 829., 825., 827., 828., 837., 926., 878.}","{2538., 2570., 2516., 2484., 2485., 2533., 2486., 2483., 2449., 2524., 2470., 2454., 2458., 2483., 2496., 2465., 2439., 2519., 2469., 2420., 2436., 2464., 2475., 2450., 2417., 2495., 2453., 2432., 2465., 2443., 2473., 2427., 2432., 2471., 2441., 2461., 2440., 2396., 2510., 2402., 2412., 2427., 2494., 2419., 2416., 2418., 2487., 2404., 2420., 2443.}",""
336,344,"stage4_unit3/bn3","softmax_softmax",8,"stage4_unit3/bn3-stage4_unit3/relu3-stage4_unit3/conv3-stage4_unit3/_plus_stage4_unit3-bn1-relu1-pool1-fc1-softmax_softmax","BatchNormalization","Softmax","List-List-List-List-List-List-List-List-List",46.,46.1,75.,246.,246.53330000000003,279.,"","","","","","","","","","{75., 52., 48., 47., 59., 46., 46., 46., 46., 47., 46., 46., 46., 47., 46., 46., 46., 47., 46., 46., 46., 46., 46., 46., 46., 47., 46., 47., 46., 46., 47., 46., 46., 46., 46., 46., 46., 46., 46., 47., 46., 46., 46., 46., 46., 46., 46., 46., 46., 47.}","{279., 250., 248., 255., 248., 247., 247., 246., 246., 246., 246., 247., 247., 246., 247., 246., 256., 246., 246., 246., 247., 246., 247., 247., 246., 247., 246., 247., 247., 246., 246., 246., 265., 247., 247., 246., 247., 246., 246., 246., 246., 246., 246., 251., 249., 246., 247., 246., 256., 247.}",""
"","","","","","","","","","","","","","","","","","","","","","","","","","",""
"","","","","","","","","","","","","","","","","","","","","","","","","","",""
"","","","","","","","","","","","","","","","","","","","","","","","","","",""
"","","","","","","","","","","","","","","","","","","","","","","","","","",""
"","","","","","","","","","","","","","","","","","","","","","","","","","",""
"","","","","","","","","","","","","","","","","","","","","","","","","","",""
"","","","","","","","","","","","","","","","","","","","","","","","","","",""
