"model_name","layer_name","layer_index","kind","min_time","mean_time","max_time","add_flops","div_flops","cmp_flops","exp_flops","mad_flops","input_channel","input_height","input_width","output_channel","output_height","output_width","function","kernel_1","kernel_2","stride_1","stride_2","dilation_1","dilation_2","input_form","topology_hash","mad/min_time","mad/mean_time","mad/max_time","time"
"Ademxapp Model A Trained on ImageNet Competition Data","3b1/bn3b1_branch2a",34,"BatchNormalization",0.001005,0.0010216,0.005057,1638400,1638400,0,0,0,256,80,80,256,80,80,"","","","","","","","HoldForm[BatchNormalizationLayer[""Epsilon"" -> 0.00001001, ""Input"" -> {256, 80, 80}]]","1lo2yhhwq63b1",0.,0.,0.,"{0.005057, 0.001128, 0.001024, 0.001042, 0.001018, 0.001021, 0.001008, 0.001026, 0.001049, 0.001098, 0.001044, 0.001028, 0.001011, 0.001009, 0.001054, 0.001031, 0.001009, 0.001009, 0.001007, 0.001024, 0.001041, 0.001014, 0.001008, 0.001032, 0.001058, 0.001013, 0.001028, 0.001014, 0.00101, 0.001007, 0.001062, 0.001013, 0.00101, 0.001008, 0.001079, 0.001014, 0.00101, 0.001009, 0.001033, 0.001044, 0.001014, 0.001008, 0.001024, 0.001053, 0.001062, 0.001017, 0.001032, 0.00101, 0.001008, 0.001041, 0.00106, 0.001009, 0.001007, 0.001013, 0.001063, 0.001015, 0.001014, 0.001069, 0.001012, 0.001044, 0.001007, 0.00103, 0.00101, 0.00107, 0.001015, 0.001025, 0.001009, 0.001009, 0.001007, 0.001057, 0.001014, 0.001008, 0.001008, 0.001121, 0.001013, 0.001005, 0.001049, 0.001024, 0.00101, 0.001042, 0.001014, 0.001034, 0.001015, 0.001059, 0.001012, 0.001025, 0.00101, 0.001009, 0.001051, 0.001021, 0.001009, 0.001009, 0.001028, 0.001112, 0.00101, 0.001011, 0.001032, 0.001011, 0.001057, 0.001033}"
