"model_name","layer_name","layer_index","kind","min_time","mean_time","max_time","add_flops","div_flops","cmp_flops","exp_flops","mad_flops","input_channel","input_height","input_width","output_channel","output_height","output_width","function","kernel_1","kernel_2","stride_1","stride_2","dilation_1","dilation_2","input_form","topology_hash","mad/min_time","mad/mean_time","mad/max_time","time"
"2D Face Alignment Net Trained on 300W Large Pose Data","13/1/2/2/1/1/1",529,"BatchNormalization",0.000217,0.00022166666666666664,0.001061,262144,262144,0,0,0,256,32,32,256,32,32,"","","","","","","","HoldForm[BatchNormalizationLayer[""Momentum"" -> 0.1, ""Epsilon"" -> 0.00001, ""Input"" -> {256, 32, 32}]]","0at8er1jsl5w0",0.,0.,0.,"{0.001061, 0.000231, 0.000279, 0.000225, 0.000221, 0.000219, 0.000219, 0.000219, 0.000219, 0.000218, 0.000218, 0.00022, 0.00024, 0.000222, 0.000219, 0.000218, 0.000217, 0.000219, 0.000218, 0.000217, 0.000221, 0.000218, 0.000218, 0.000219, 0.000219, 0.000217, 0.000218, 0.000219, 0.000222, 0.000223, 0.00026, 0.00023, 0.000225, 0.000224, 0.000224, 0.000223, 0.000225, 0.000223, 0.000226, 0.000229, 0.000226, 0.000224, 0.000223, 0.000223, 0.000258, 0.000227, 0.000271, 0.000332, 0.000231, 0.000226, 0.000224, 0.000224, 0.000225, 0.000225, 0.000224, 0.000225, 0.000224, 0.000224, 0.000224, 0.000223, 0.00022, 0.00022, 0.000221, 0.000222, 0.000244, 0.000224, 0.00022, 0.000219, 0.000219, 0.000219, 0.000217, 0.000218, 0.000219, 0.000258, 0.000223, 0.00022, 0.000219, 0.000219, 0.000218, 0.000219, 0.000219, 0.00022, 0.000243, 0.000221, 0.000219, 0.00022, 0.00022, 0.000249, 0.000222, 0.00022, 0.000264, 0.000224, 0.000221, 0.00022, 0.00022, 0.00022, 0.000219, 0.000219, 0.000219, 0.000275}"
