"model_name","layer_name","layer_index","kind","min_time","mean_time","max_time","add_flops","div_flops","cmp_flops","exp_flops","mad_flops","input_channel","input_height","input_width","output_channel","output_height","output_width","function","kernel_1","kernel_2","stride_1","stride_2","dilation_1","dilation_2","input_form","topology_hash","mad/min_time","mad/mean_time","mad/max_time","time"
"2D Face Alignment Net Trained on 300W Large Pose Data","13/1/2/3/1/2/3/1/2/3/1/2/2/1/1/4/2/1/2",627,"Elementwise",0.000044,0.00004559999999999999,0.000254,0,0,2048,0,2048,128,4,4,128,4,4,"Ramp","","","","","","","HoldForm[ElementwiseLayer[Ramp, ""Input"" -> {128, 4, 4}]]","0qjdual6secow",4.654545454545455e7,4.49122807017544e7,8.062992125984252e6,"{0.000254, 0.000059, 0.000051, 0.000048, 0.000047, 0.000047, 0.000046, 0.000046, 0.000046, 0.000046, 0.000045, 0.000046, 0.000046, 0.000045, 0.000046, 0.000046, 0.000045, 0.000045, 0.000045, 0.000046, 0.000046, 0.000045, 0.000086, 0.00005, 0.000046, 0.000046, 0.000046, 0.000045, 0.000046, 0.000046, 0.000045, 0.000046, 0.000045, 0.000046, 0.000046, 0.000046, 0.000045, 0.000046, 0.000045, 0.000044, 0.000045, 0.000046, 0.000045, 0.000046, 0.000046, 0.000046, 0.000045, 0.000045, 0.000045, 0.000045, 0.000044, 0.000045, 0.000045, 0.000045, 0.000045, 0.000045, 0.000046, 0.000045, 0.000044, 0.000076, 0.000055, 0.000048, 0.000047, 0.000047, 0.000045, 0.000045, 0.000045, 0.000045, 0.000046, 0.000058, 0.000048, 0.000047, 0.000046, 0.000046, 0.000047, 0.000046, 0.000045, 0.000046, 0.000046, 0.000045, 0.000046, 0.000046, 0.000045, 0.000045, 0.000046, 0.000045, 0.000045, 0.000046, 0.000045, 0.000046, 0.000045, 0.000045, 0.000046, 0.000045, 0.000045, 0.000046, 0.000045, 0.000045, 0.000046, 0.000045}"
