"model_name","layer_name","layer_index","kind","min_time","mean_time","max_time","add_flops","div_flops","cmp_flops","exp_flops","mad_flops","input_channel","input_height","input_width","output_channel","output_height","output_width","function","kernel_1","kernel_2","stride_1","stride_2","dilation_1","dilation_2","input_form","topology_hash","mad/min_time","mad/mean_time","mad/max_time","time"
"3D Face Alignment Net Trained on 300W Large Pose Data","14/1/2/3/1/1/1/1/1/2",316,"Elementwise",0.000181,0.00018600000000000002,0.000943,0,0,262144,0,262144,256,32,32,256,32,32,"Ramp","","","","","","","HoldForm[ElementwiseLayer[Ramp, ""Input"" -> {256, 32, 32}]]","1052g0k2c9ny2",1.4483093922651932e9,1.4093763440860214e9,2.7798939554612935e8,"{0.000943, 0.000194, 0.000187, 0.000185, 0.000185, 0.000184, 0.000182, 0.000181, 0.000183, 0.000235, 0.000202, 0.000189, 0.000183, 0.000183, 0.000184, 0.000183, 0.000183, 0.000186, 0.000187, 0.000184, 0.000182, 0.000183, 0.000182, 0.000217, 0.000184, 0.000183, 0.000183, 0.000182, 0.000182, 0.000182, 0.000182, 0.0002, 0.000185, 0.000182, 0.000181, 0.000181, 0.000181, 0.000182, 0.000181, 0.000186, 0.000187, 0.000187, 0.000187, 0.000187, 0.000187, 0.000222, 0.000189, 0.000189, 0.000188, 0.000187, 0.000187, 0.000187, 0.000208, 0.000191, 0.000189, 0.000187, 0.000188, 0.000188, 0.000187, 0.000188, 0.000188, 0.000229, 0.000193, 0.000188, 0.000192, 0.000188, 0.000187, 0.000189, 0.000188, 0.000187, 0.000187, 0.000192, 0.000206, 0.000192, 0.000187, 0.000189, 0.000187, 0.000187, 0.000186, 0.000187, 0.000262, 0.000192, 0.000188, 0.000187, 0.000185, 0.000182, 0.000183, 0.000182, 0.000181, 0.000183, 0.000182, 0.000182, 0.000181, 0.000203, 0.000185, 0.000183, 0.000183, 0.000216, 0.000185, 0.000183}"
