"model_name","layer_name","layer_index","kind","min_time","mean_time","max_time","add_flops","div_flops","cmp_flops","exp_flops","mad_flops","input_channel","input_height","input_width","output_channel","output_height","output_width","function","kernel_1","kernel_2","stride_1","stride_2","dilation_1","dilation_2","input_form","topology_hash","mad/min_time","mad/mean_time","mad/max_time","time"
"CycleGAN Orange-to-Apple Translation Trained on ImageNet Competition Data","18/1/3",62,"Normalization",0.037995,0.038138483333333334,0.040705,524288,1048576,0,524288,1048576,128,64,64,128,64,64,"","","","","","","","HoldForm[NormalizationLayer[""Epsilon"" -> 0.00001, ""Input"" -> {128, 64, 64}]]","0swr1e5sz4uqw",2.7597736544282142e7,2.7493909257884316e7,2.5760373418498956e7,"{0.039707, 0.038149, 0.038056, 0.038139, 0.038119, 0.038099, 0.038096, 0.038105, 0.038132, 0.038094, 0.039044, 0.038122, 0.038148, 0.038156, 0.038115, 0.038137, 0.040705, 0.03813, 0.038296, 0.038242, 0.038306, 0.038247, 0.038183, 0.03825, 0.038146, 0.038123, 0.038161, 0.03814, 0.038145, 0.038097, 0.038122, 0.038121, 0.038132, 0.038049, 0.038158, 0.038142, 0.038127, 0.038, 0.038224, 0.038092, 0.038181, 0.038012, 0.038151, 0.038132, 0.038201, 0.038277, 0.038285, 0.038206, 0.03819, 0.038146, 0.03803, 0.038136, 0.038122, 0.038132, 0.037995, 0.038152, 0.038103, 0.038119, 0.03806, 0.038072, 0.038122, 0.038286, 0.038075, 0.038102, 0.038154, 0.038279, 0.038292, 0.03808, 0.038141, 0.038167, 0.038183, 0.038171, 0.03844, 0.038203, 0.038128, 0.038129, 0.03809, 0.038129, 0.038077, 0.038116, 0.038066, 0.038145, 0.038144, 0.038084, 0.038064, 0.03815, 0.038118, 0.0381, 0.038047, 0.038138, 0.038128, 0.038152, 0.038122, 0.038052, 0.038158, 0.038188, 0.038111, 0.038239, 0.038409, 0.038211}"
