"model_name","layer_name","layer_index","kind","min_time","mean_time","max_time","add_flops","div_flops","cmp_flops","exp_flops","mad_flops","input_channel","input_height","input_width","output_channel","output_height","output_width","function","kernel_1","kernel_2","stride_1","stride_2","dilation_1","dilation_2","input_form","topology_hash","mad/min_time","mad/mean_time","mad/max_time","time"
"CycleGAN Photo-to-Cezanne Translation","24",87,"Part",0.001158,0.0011899166666666668,0.005851,0,0,0,0,0,64,129,129,64,128,128,"","","","","","","","HoldForm[PartLayer[{1 ;; -1, 2 ;; -1, 2 ;; -1}, ""Input"" -> {64, 129, 129}]]","1gqu2x8blkkiv",0.,0.,0.,"{0.005851, 0.001259, 0.001188, 0.001225, 0.001283, 0.001176, 0.001171, 0.001231, 0.001206, 0.001195, 0.001211, 0.001227, 0.001178, 0.001175, 0.001209, 0.001172, 0.001174, 0.001266, 0.001173, 0.001166, 0.001231, 0.00118, 0.001184, 0.001171, 0.001201, 0.001212, 0.001192, 0.00119, 0.001208, 0.001163, 0.001197, 0.001171, 0.001195, 0.001169, 0.001227, 0.001166, 0.001161, 0.001234, 0.001166, 0.001169, 0.001158, 0.001191, 0.001212, 0.001192, 0.001194, 0.001207, 0.001162, 0.001191, 0.001168, 0.001195, 0.001193, 0.001241, 0.001164, 0.001159, 0.001241, 0.001166, 0.001176, 0.001203, 0.001168, 0.00121, 0.001208, 0.00124, 0.001218, 0.001167, 0.001207, 0.001167, 0.001163, 0.001233, 0.001195, 0.001165, 0.001203, 0.001196, 0.001177, 0.001175, 0.001194, 0.001165, 0.001211, 0.001224, 0.001165, 0.00121, 0.001164, 0.001194, 0.001165, 0.001158, 0.001239, 0.001194, 0.001174, 0.001228, 0.001171, 0.001166, 0.001223, 0.001234, 0.001204, 0.001239, 0.001193, 0.001166, 0.001209, 0.001192, 0.001169, 0.001167}"
