"model_name","layer_name","layer_index","kind","min_time","mean_time","max_time","add_flops","div_flops","cmp_flops","exp_flops","mad_flops","input_channel","input_height","input_width","output_channel","output_height","output_width","function","kernel_1","kernel_2","stride_1","stride_2","dilation_1","dilation_2","input_form","topology_hash","mad/min_time","mad/mean_time","mad/max_time","time"
"3D Face Alignment Net Trained on 300W Large Pose Data","13/1/2/3/1/2/3/1/2/3/1/2/1",621,"Pooling",0.000113,0.0001148833333333333,0.000387,16384,0,0,0,0,256,8,8,256,4,4,"Mean",2,2,2,2,"","","HoldForm[PoolingLayer[{2, 2}, {2, 2}, ""PaddingSize"" -> {{0, 0}, {0, 0}}, ""Function"" -> Mean, ""Input"" -> {256, 8, 8}]]","0kutiha9elfxq",0.,0.,0.,"{0.000387, 0.000129, 0.000121, 0.000119, 0.000117, 0.000116, 0.000116, 0.000115, 0.000115, 0.000114, 0.000115, 0.000116, 0.000115, 0.000115, 0.000115, 0.000114, 0.000114, 0.000114, 0.000114, 0.000115, 0.000115, 0.000113, 0.00015, 0.000119, 0.000116, 0.000117, 0.000115, 0.000115, 0.000115, 0.000115, 0.000115, 0.000114, 0.000115, 0.000114, 0.000114, 0.000115, 0.000114, 0.000114, 0.000115, 0.000114, 0.000114, 0.000116, 0.000115, 0.000113, 0.000113, 0.000115, 0.000114, 0.000116, 0.000115, 0.000115, 0.000114, 0.000114, 0.000115, 0.000114, 0.000114, 0.000138, 0.000119, 0.000116, 0.000158, 0.000154, 0.00012, 0.000117, 0.000116, 0.000114, 0.000114, 0.000115, 0.000114, 0.000114, 0.000115, 0.000114, 0.000115, 0.000115, 0.000114, 0.000114, 0.000115, 0.000115, 0.000114, 0.000114, 0.000114, 0.000113, 0.000114, 0.000114, 0.000114, 0.000115, 0.000161, 0.00012, 0.000116, 0.000115, 0.000134, 0.000119, 0.000116, 0.000115, 0.000115, 0.00012, 0.000115, 0.000115, 0.000115, 0.000114, 0.000115, 0.000114}"
