"model_name","layer_name","layer_index","kind","min_time","mean_time","max_time","add_flops","div_flops","cmp_flops","exp_flops","mad_flops","input_channel","input_height","input_width","output_channel","output_height","output_width","function","kernel_1","kernel_2","stride_1","stride_2","dilation_1","dilation_2","input_form","topology_hash","mad/min_time","mad/mean_time","mad/max_time","time"
"2D Face Alignment Net Trained on 300W Large Pose Data","15/1/2/3/1/2/3/1/2/3/1/2/5",209,"Resize",0.000312,0.0003162333333333334,0.000552,0,0,0,0,0,256,4,4,256,8,8,"","","","","","","","HoldForm[ResizeLayer[{Scaled[2], Scaled[2]}, ""Resampling"" -> ""Nearest"", ""Input"" -> {256, 4, 4}]]","1a99c2opol8t3",0.,0.,0.,"{0.000552, 0.000324, 0.000316, 0.000315, 0.000313, 0.000314, 0.000313, 0.000363, 0.000318, 0.000313, 0.000313, 0.000335, 0.000315, 0.000313, 0.000312, 0.000362, 0.00032, 0.000315, 0.000319, 0.00032, 0.000317, 0.000318, 0.000317, 0.000343, 0.000323, 0.000321, 0.000329, 0.000352, 0.000324, 0.000321, 0.000318, 0.000317, 0.000317, 0.000317, 0.000316, 0.000331, 0.000318, 0.000314, 0.000314, 0.000314, 0.000313, 0.000314, 0.000316, 0.000313, 0.000312, 0.000313, 0.000357, 0.00032, 0.000337, 0.000316, 0.000314, 0.000313, 0.000312, 0.000313, 0.000312, 0.000351, 0.000319, 0.00032, 0.000346, 0.00032, 0.000331, 0.000317, 0.000314, 0.000313, 0.000312, 0.000314, 0.000312, 0.000313, 0.000312, 0.000314, 0.000312, 0.000313, 0.000339, 0.000322, 0.000314, 0.000313, 0.000312, 0.000313, 0.000356, 0.000318, 0.000314, 0.000313, 0.000313, 0.000312, 0.000312, 0.000331, 0.000316, 0.000313, 0.000314, 0.000375, 0.00032, 0.000353, 0.000319, 0.000314, 0.000313, 0.000312, 0.000312, 0.000334, 0.000317, 0.000314}"
