"model_name","layer_name","layer_index","kind","min_time","mean_time","max_time","add_flops","div_flops","cmp_flops","exp_flops","mad_flops","input_channel","input_height","input_width","output_channel","output_height","output_width","function","kernel_1","kernel_2","stride_1","stride_2","dilation_1","dilation_2","input_form","topology_hash","mad/min_time","mad/mean_time","mad/max_time","time"
"ResNet-101 Trained on ImageNet Competition Data","4b2/bn4b2_branch2a",103,"BatchNormalization",0.000038,0.00003921666666666667,0.000277,50176,50176,0,0,0,256,14,14,256,14,14,"","","","","","","","HoldForm[BatchNormalizationLayer[""Epsilon"" -> 0.0001, ""Input"" -> {256, 14, 14}]]","03zubx6ac6wbk",0.,0.,0.,"{0.000277, 0.000047, 0.000041, 0.00004, 0.000039, 0.00004, 0.000039, 0.000039, 0.000039, 0.000039, 0.000039, 0.00004, 0.000039, 0.000039, 0.000039, 0.000038, 0.000039, 0.000039, 0.000039, 0.000039, 0.000039, 0.000039, 0.000039, 0.000039, 0.000039, 0.000039, 0.000039, 0.000039, 0.000039, 0.000039, 0.000039, 0.000039, 0.000039, 0.000038, 0.000039, 0.000039, 0.000038, 0.000039, 0.000038, 0.000039, 0.000039, 0.000039, 0.000039, 0.000039, 0.000045, 0.000039, 0.000046, 0.000039, 0.000039, 0.000039, 0.000039, 0.000039, 0.000039, 0.000039, 0.000039, 0.000039, 0.000039, 0.000039, 0.000039, 0.000039, 0.000039, 0.000039, 0.000038, 0.000039, 0.000039, 0.000039, 0.000039, 0.000039, 0.000039, 0.000039, 0.000039, 0.00004, 0.000039, 0.000039, 0.000039, 0.000039, 0.00005, 0.000041, 0.000041, 0.000041, 0.000041, 0.00004, 0.00004, 0.00004, 0.000041, 0.00004, 0.00004, 0.00004, 0.00004, 0.00004, 0.00004, 0.00004, 0.00004, 0.000041, 0.000041, 0.000041, 0.000041, 0.000041, 0.000041, 0.000041}"
