"model_name","layer_name","layer_index","kind","min_time","mean_time","max_time","add_flops","div_flops","cmp_flops","exp_flops","mad_flops","input_channel","input_height","input_width","output_channel","output_height","output_width","function","kernel_1","kernel_2","stride_1","stride_2","dilation_1","dilation_2","input_form","topology_hash","mad/min_time","mad/mean_time","mad/max_time","time"
"3D Face Alignment Net Trained on 300W Large Pose Data","11/7/1/1/4/2/2/3",49,"Catenate",0.000184,0.00018593333333333337,0.001117,0,0,0,0,0,64,64,64,128,64,64,"","","","","","","","HoldForm[CatenateLayer[""Inputs"" -> {{64, 64, 64}, {64, 64, 64}}]]","0ltwfbd4clc0x",0.,0.,0.,"{0.001117, 0.000229, 0.000196, 0.000193, 0.00019, 0.000189, 0.00019, 0.000201, 0.000198, 0.000185, 0.000185, 0.000184, 0.000185, 0.000185, 0.000184, 0.000184, 0.000185, 0.000184, 0.000184, 0.000185, 0.000185, 0.000184, 0.000184, 0.000193, 0.000186, 0.000186, 0.000185, 0.000186, 0.000186, 0.000186, 0.000194, 0.000188, 0.000186, 0.000187, 0.000186, 0.000185, 0.000186, 0.000186, 0.000186, 0.000185, 0.000186, 0.000185, 0.000186, 0.000186, 0.000186, 0.000186, 0.000186, 0.000186, 0.000186, 0.000186}"
