"model_name","layer_name","layer_index","kind","min_time","mean_time","max_time","add_flops","div_flops","cmp_flops","exp_flops","mad_flops","input_channel","input_height","input_width","output_channel","output_height","output_width","function","kernel_1","kernel_2","stride_1","stride_2","dilation_1","dilation_2","input_form","topology_hash","mad/min_time","mad/mean_time","mad/max_time","time"
"Wolfram ImageIdentify Net V1","5a/relu1x1",186,"Elementwise",0.000025,0.00002579999999999999,0.000041,0,0,17248,0,17248,352,7,7,352,7,7,"Ramp","","","","","","","HoldForm[ElementwiseLayer[Ramp, ""Input"" -> {352, 7, 7}]]","0jlk047liqt0n",6.8992e8,6.68527131782946e8,4.206829268292683e8,"{0.000041, 0.000028, 0.000026, 0.000026, 0.000026, 0.000026, 0.000025, 0.000026, 0.000026, 0.000026, 0.000026, 0.000025, 0.000026, 0.000026, 0.000025, 0.000025, 0.000026, 0.000026, 0.000025, 0.000026, 0.000026, 0.000025, 0.000026, 0.000026, 0.000026, 0.000026, 0.000026, 0.000026, 0.000025, 0.000025, 0.000026, 0.000026, 0.000026, 0.000026, 0.000025, 0.000026, 0.000026, 0.000025, 0.000025, 0.000026, 0.000025, 0.000025, 0.000026, 0.000026, 0.000025, 0.000026, 0.000026, 0.000025, 0.000025, 0.000026}"
