"model_name","layer_name","layer_index","kind","min_time","mean_time","max_time","add_flops","div_flops","cmp_flops","exp_flops","mad_flops","input_channel","input_height","input_width","output_channel","output_height","output_width","function","kernel_1","kernel_2","stride_1","stride_2","dilation_1","dilation_2","input_form","topology_hash","mad/min_time","mad/mean_time","mad/max_time","time"
"Ademxapp Model A1 Trained on ADE20K Data","7a/res7a_branch2b1_relu",128,"Elementwise",0.001977,0.0020065333333333336,0.00877,0,0,4064256,0,4064256,1024,63,63,1024,63,63,"Ramp","","","","","","","HoldForm[ElementwiseLayer[Ramp, ""Input"" -> {1024, 63, 63}]]","0do0905edsobs",2.0557693474962063e9,2.0255113296564553e9,4.634271379703535e8,"{0.00877, 0.002466, 0.002229, 0.002129, 0.002074, 0.002088, 0.00205, 0.002067, 0.002045, 0.00205, 0.002036, 0.002018, 0.002008, 0.002012, 0.001994, 0.002026, 0.002003, 0.002005, 0.001998, 0.001993, 0.002007, 0.002004, 0.001993, 0.002017, 0.001989, 0.002017, 0.002017, 0.002021, 0.001992, 0.002004, 0.002008, 0.002009, 0.001999, 0.001998, 0.001979, 0.002014, 0.001978, 0.001997, 0.001981, 0.001998, 0.001993, 0.00199, 0.001979, 0.001997, 0.001982, 0.002006, 0.001977, 0.002007, 0.001986, 0.001997}"
