"model_name","layer_name","layer_index","kind","min_time","mean_time","max_time","add_flops","div_flops","cmp_flops","exp_flops","mad_flops","input_channel","input_height","input_width","output_channel","output_height","output_width","function","kernel_1","kernel_2","stride_1","stride_2","dilation_1","dilation_2","input_form","topology_hash","mad/min_time","mad/mean_time","mad/max_time","time"
"Squeeze-and-Excitation Net Trained on ImageNet Competition Data","3g/conv3_7_1x1_reduce_relu",171,"Elementwise",0.000085,0.00008743333333333335,0.000458,0,0,200704,0,200704,256,28,28,256,28,28,"Ramp","","","","","","","HoldForm[ElementwiseLayer[Ramp, ""Input"" -> {256, 28, 28}]]","11214gfdn7a3g",2.3612235294117646e9,2.2955089592070146e9,4.3821834061135375e8,"{0.000458, 0.000094, 0.000088, 0.000087, 0.000086, 0.000086, 0.000087, 0.000086, 0.000086, 0.000086, 0.000086, 0.000086, 0.000086, 0.000087, 0.000087, 0.000087, 0.000087, 0.000086, 0.000087, 0.000087, 0.000087, 0.000087, 0.000087, 0.000087, 0.000085, 0.000087, 0.000096, 0.000088, 0.000087, 0.000087, 0.000107, 0.000088, 0.000088, 0.000088, 0.000088, 0.0001, 0.000088, 0.000089, 0.000088, 0.000089, 0.000089, 0.000088, 0.000087, 0.000088, 0.000088, 0.000088, 0.000087, 0.000088, 0.000088, 0.000089}"
