"model_name","layer_name","layer_index","kind","min_time","mean_time","max_time","add_flops","div_flops","cmp_flops","exp_flops","mad_flops","input_channel","input_height","input_width","output_channel","output_height","output_width","function","kernel_1","kernel_2","stride_1","stride_2","dilation_1","dilation_2","input_form","topology_hash","mad/min_time","mad/mean_time","mad/max_time","time"
"BERT Trained on BookCorpus and English Wikipedia Data","encoder/3/1/attention/9/elem",195,"Elementwise",0.000016,0.000019000000000000004,0.000035,0,0,0,0,"64*LengthVar[1694434531]","LengthVar[1694434531]",64,"","LengthVar[1694434531]",64,"","ScalarFunctionObject[{ScalarSymbol[1]}, ScalarSymbol[2], <|ScalarSymbol[2] -> {Times, 0.125, ScalarSymbol[1]}|>]","","","","","","","HoldForm[ElementwiseLayer[0.125*#1 & , ""Input"" -> {""Varying"", 64}]]","1qls6pibzwobu","4.*^6*LengthVar[1.694434531*^9]","3.368421052631578*^6*LengthVar[1.694434531*^9]","1.8285714285714286*^6*LengthVar[1.694434531*^9]","{0.000035, 0.000019, 0.000016, 0.000024, 0.000017, 0.000029, 0.000024, 0.000017, 0.000025, 0.000018, 0.000017, 0.000016, 0.000016, 0.000017, 0.000024, 0.000017, 0.000017, 0.000023, 0.000023, 0.000023, 0.000024, 0.000018, 0.000017, 0.000017, 0.000017, 0.000017, 0.000023, 0.000017, 0.000016, 0.000016, 0.000024, 0.000017, 0.000016, 0.000016, 0.000024, 0.000024, 0.000023, 0.000017, 0.000017, 0.000017, 0.000024, 0.000023, 0.000023, 0.000017, 0.000016, 0.000016, 0.000016, 0.000017, 0.000024, 0.000017}"
