"model_name","layer_name","layer_index","kind","min_time","mean_time","max_time","add_flops","div_flops","cmp_flops","exp_flops","mad_flops","input_channel","input_height","input_width","output_channel","output_height","output_width","function","kernel_1","kernel_2","stride_1","stride_2","dilation_1","dilation_2","input_form","topology_hash","mad/min_time","mad/mean_time","mad/max_time","time"
"Single-Image Depth Perception Net Trained on NYU Depth V2 Data","4/1/1/4/1/1/4/1/2/6/2/3",323,"Elementwise",0.000037,0.000038,0.000299,0,0,76800,0,76800,64,30,40,64,30,40,"Ramp","","","","","","","HoldForm[ElementwiseLayer[Ramp, ""Input"" -> {64, 30, 40}]]","0u4smf181urlf",2.0756756756756756e9,2.0210526315789473e9,2.5685618729096988e8,"{0.000299, 0.000061, 0.00004, 0.000039, 0.000038, 0.000038, 0.000038, 0.000038, 0.000039, 0.000038, 0.000038, 0.000038, 0.000038, 0.000038, 0.000038, 0.000038, 0.000038, 0.000038, 0.000038, 0.000038, 0.000038, 0.000038, 0.000038, 0.000038, 0.000038, 0.000038, 0.000038, 0.000038, 0.000038, 0.000038, 0.000038, 0.000038, 0.000037, 0.000038, 0.000038, 0.000038, 0.000038, 0.000038, 0.000039, 0.000038, 0.000038, 0.000038, 0.000038, 0.000038, 0.000038, 0.000037, 0.000038, 0.000038, 0.000038, 0.000038, 0.000038, 0.000039, 0.000038, 0.000038, 0.000038, 0.000038, 0.000038, 0.000038, 0.000038, 0.000038, 0.000038, 0.000038, 0.000038, 0.000038, 0.000038, 0.000038, 0.000038, 0.000037, 0.000038, 0.000038, 0.000038, 0.000038, 0.000038, 0.000038, 0.000038, 0.000037, 0.000038, 0.000038, 0.000038, 0.000038, 0.000039, 0.000047, 0.000039, 0.000039, 0.000038, 0.000038, 0.000039, 0.000038, 0.000038, 0.000038, 0.000038, 0.000038, 0.000038, 0.000038, 0.000038, 0.000039, 0.000038, 0.000038, 0.000038, 0.000038}"
