"model_name","layer_name","layer_index","kind","min_time","mean_time","max_time","add_flops","div_flops","cmp_flops","exp_flops","mad_flops","input_channel","input_height","input_width","output_channel","output_height","output_width","function","kernel_1","kernel_2","stride_1","stride_2","dilation_1","dilation_2","input_form","topology_hash","mad/min_time","mad/mean_time","mad/max_time","time"
"Ademxapp Model A Trained on ImageNet Competition Data","6a/res6a_branch2a_relu",117,"Elementwise",0.000046,0.00004646666666666671,0.000352,0,0,102400,0,102400,1024,10,10,1024,10,10,"Ramp","","","","","","","HoldForm[ElementwiseLayer[Ramp, ""Input"" -> {1024, 10, 10}]]","1077ygxv9e5ip",2.226086956521739e9,2.203730272596842e9,2.9090909090909094e8,"{0.000352, 0.000055, 0.000049, 0.000048, 0.000047, 0.000048, 0.000047, 0.000047, 0.000047, 0.000057, 0.000048, 0.000046, 0.000047, 0.000047, 0.000046, 0.000046, 0.000056, 0.000047, 0.000047, 0.000047, 0.000059, 0.000047, 0.000047, 0.000047, 0.000046, 0.000046, 0.000046, 0.000046, 0.000046, 0.000047, 0.000046, 0.000046, 0.000046, 0.000047, 0.000046, 0.000047, 0.000047, 0.000047, 0.000047, 0.000046, 0.000046, 0.000046, 0.000047, 0.000047, 0.000046, 0.000046, 0.000046, 0.000046, 0.000046, 0.000047, 0.000047, 0.000047, 0.000046, 0.000046, 0.000046, 0.000047, 0.000046, 0.000046, 0.000046, 0.000046, 0.000046, 0.000046, 0.000046, 0.000046, 0.000046, 0.000046, 0.000046, 0.000046, 0.000047, 0.000046, 0.000046, 0.000046, 0.000046, 0.000046, 0.000047, 0.000047, 0.000047, 0.000046, 0.000046, 0.000046, 0.000046, 0.000046, 0.000047, 0.000047, 0.000047, 0.000046, 0.000046, 0.000046, 0.000047, 0.000047, 0.000046, 0.000047, 0.000047, 0.000047, 0.000047, 0.000047, 0.000046, 0.000046, 0.000047, 0.000046}"
