"model_name","layer_name","layer_index","kind","min_time","mean_time","max_time","add_flops","div_flops","cmp_flops","exp_flops","mad_flops","input_channel","input_height","input_width","output_channel","output_height","output_width","function","kernel_1","kernel_2","stride_1","stride_2","dilation_1","dilation_2","input_form","topology_hash","mad/min_time","mad/mean_time","mad/max_time","time"
"BERT Trained on BookCorpus and English Wikipedia Data","encoder/12/1/attention/5/value/Net",815,"Linear",0.000025,0.000026166666666666658,0.000057,0,0,0,0,49152,768,"","",64,"","","","","","","","","","HoldForm[LinearLayer[{64}, ""Input"" -> 768]]","1ar66gqblf480",1.96608e9,1.8784203821656058e9,8.623157894736841e8,"{0.000042, 0.000039, 0.000027, 0.000027, 0.000027, 0.000027, 0.000026, 0.000026, 0.000026, 0.000026, 0.000026, 0.000026, 0.000026, 0.000026, 0.000026, 0.000026, 0.000026, 0.000026, 0.000025, 0.000057, 0.000028, 0.000026, 0.000026, 0.000026, 0.000027, 0.000027, 0.000026, 0.000026, 0.000026, 0.000026, 0.000026, 0.000026, 0.000027, 0.000026, 0.000026, 0.000026, 0.000026, 0.000036, 0.000027, 0.000026, 0.000026, 0.000027, 0.000027, 0.000026, 0.000026, 0.000026, 0.000026, 0.000026, 0.000026, 0.000026}"
