"model_name","layer_name","layer_index","kind","min_time","mean_time","max_time","add_flops","div_flops","cmp_flops","exp_flops","mad_flops","input_channel","input_height","input_width","output_channel","output_height","output_width","function","kernel_1","kernel_2","stride_1","stride_2","dilation_1","dilation_2","input_form","topology_hash","mad/min_time","mad/mean_time","mad/max_time","time"
"Squeeze-and-Excitation Net Trained on ImageNet Competition Data","4b/conv4_2_1x1_up",233,"Linear",0.000026,0.00003493333333333334,0.000063,0,0,0,0,65536,64,"","",1024,"","","","","","","","","","HoldForm[LinearLayer[{1024}, ""Input"" -> 64]]","0zgc0b3wv6j4d",2.5206153846153846e9,1.8760305343511448e9,1.0402539682539682e9,"{0.000042, 0.000041, 0.000027, 0.000026, 0.000027, 0.000026, 0.000026, 0.000026, 0.000027, 0.000026, 0.000026, 0.000035, 0.000046, 0.00003, 0.00003, 0.00003, 0.000029, 0.000028, 0.000029, 0.000029, 0.000028, 0.000029, 0.000029, 0.000029, 0.000029, 0.000034, 0.000041, 0.000042, 0.000042, 0.000057, 0.000028, 0.000041, 0.000042, 0.000042, 0.000043, 0.000041, 0.000042, 0.000043, 0.000042, 0.000042, 0.000041, 0.000063, 0.000038, 0.000037, 0.000038, 0.000037, 0.000037, 0.000037, 0.000038, 0.000037}"
