"model_name","layer_name","layer_index","kind","min_time","mean_time","max_time","add_flops","div_flops","cmp_flops","exp_flops","mad_flops","input_channel","input_height","input_width","output_channel","output_height","output_width","function","kernel_1","kernel_2","stride_1","stride_2","dilation_1","dilation_2","input_form","topology_hash","mad/min_time","mad/mean_time","mad/max_time","time"
"ELMo Contextual Word Representations Trained on 1B Word Benchmark","rnn2/backward/Net/gate_foget/linear",92,"Linear",0.000375,0.00038275000000000006,0.008913,0,0,0,0,4194304,1024,"","",4096,"","","","","","","","","","HoldForm[LinearLayer[{4096}, ""Input"" -> 1024]]","0nedyi7upnc33",1.1184810666666666e10,1.0958338340953623e10,4.7058274430606973e8,"{0.008913, 0.000576, 0.000465, 0.000416, 0.000432, 0.000401, 0.00038, 0.000384, 0.00038, 0.00038, 0.00038, 0.000379, 0.000379, 0.000382, 0.00038, 0.00038, 0.000391, 0.000383, 0.000413, 0.000383, 0.00038, 0.000377, 0.000379, 0.000382, 0.00038, 0.000379, 0.000396, 0.000394, 0.000426, 0.0004, 0.000405, 0.000378, 0.000378, 0.000381, 0.00038, 0.000379, 0.00039, 0.000379, 0.000379, 0.00038, 0.00038, 0.000381, 0.000378, 0.000381, 0.000407, 0.000379, 0.000381, 0.00039, 0.000378, 0.00038, 0.000376, 0.00038, 0.000375, 0.000408, 0.000401, 0.000402, 0.000403, 0.000389, 0.00038, 0.000378, 0.000375, 0.000379, 0.000378, 0.000382, 0.000379, 0.000378, 0.00038, 0.000402, 0.00038, 0.00038, 0.00041, 0.000381, 0.000376, 0.00038, 0.000379, 0.00038, 0.000377, 0.000379, 0.000392, 0.000413, 0.000405, 0.000427, 0.000396, 0.000375, 0.000376, 0.000379, 0.000377, 0.000378, 0.00039, 0.000383, 0.000379, 0.000376, 0.000378, 0.000378, 0.000378, 0.000381, 0.000407, 0.000399, 0.000389, 0.00038}"
