"model_name","instance_type","start_index","end_index","sequence_length","num_runs","start_name","end_name","sequence_name","start_layer_kind","end_layer_kind","sequence_layer_kind","start_layer_path_time","mean_path_time","end_layer_path_time","raw_path_time"
"Inception V1 Trained on Places365 Data","c5.large",1,6,5,50,"conv1_7x7_s2","conv2_3x3_reduce","conv1_7x7_s2-conv1_relu_7x7-pool1_3x3_s2_pad-pool1_3x3_s2-pool1_norm1-conv2_3x3_reduce","Convolution","Convolution","Convolution-Elementwise-Padding-Pooling-LocalResponseNormalization-Convolution",10864.,11001.566700000001,20305.,"{20305., 11147., 11118., 11125., 11081., 11005., 10972., 11142., 11117., 11131., 10972., 10999., 11121., 11126., 11230., 11077., 11040., 11072., 11016., 11022., 11029., 11008., 11010., 11046., 11002., 10961., 10944., 10940., 10901., 10972., 10929., 11037., 11023., 10941., 10935., 10864., 10954., 10910., 10998., 10923., 10938., 10971., 10962., 10957., 10927., 11068., 10981., 10948., 10936., 10979.}"
"Inception V1 Trained on Places365 Data","c5.large",7,12,5,50,"conv2_relu_3x3_reduce","pool2_3x3_s2","conv2_relu_3x3_reduce-conv2_3x3-conv2_relu_3x3-conv2_norm2-pool2_3x3_s2_pad-pool2_3x3_s2","Elementwise","Pooling","Elementwise-Convolution-Elementwise-LocalResponseNormalization-Padding-Pooling",19357.,19541.0667,24112.,"{24112., 19570., 19442., 19399., 19419., 19379., 19492., 19530., 19583., 19357., 19435., 19399., 19380., 19382., 19428., 19406., 19479., 19442., 19436., 19568., 19932., 20052., 19956., 19832., 19827., 19796., 19927., 19877., 19633., 19565., 19499., 19489., 19567., 19449., 19480., 19453., 19445., 19553., 19396., 19395., 19518., 19495., 19480., 19505., 19812., 19823., 19701., 19752., 19638., 19809.}"
"Inception V1 Trained on Places365 Data","c5.large",13,13,0,50,"inception_3a/1x1","inception_3a/1x1","inception_3a/1x1","Convolution","Convolution","Convolution",193.,195.4333,299.,"{299., 200., 195., 194., 194., 194., 194., 193., 193., 193., 193., 225., 196., 194., 215., 199., 194., 193., 193., 193., 194., 193., 213., 197., 194., 194., 193., 204., 194., 193., 193., 200., 197., 197., 196., 197., 197., 196., 196., 197., 196., 196., 196., 196., 197., 197., 196., 196., 196., 197.}"
"Inception V1 Trained on Places365 Data","c5.large",14,14,0,50,"inception_3a/relu_1x1","inception_3a/relu_1x1","inception_3a/relu_1x1","Elementwise","Elementwise","Elementwise",40.,41.,63.,"{63., 44., 43., 41., 41., 42., 40., 41., 41., 41., 41., 41., 41., 45., 41., 41., 42., 42., 41., 41., 41., 40., 41., 41., 41., 41., 41., 41., 41., 41., 41., 41., 40., 41., 41., 41., 41., 41., 40., 41., 41., 41., 40., 41., 41., 41., 41., 42., 41., 41.}"
"Inception V1 Trained on Places365 Data","c5.large",15,15,0,50,"inception_3a/3x3_reduce","inception_3a/3x3_reduce","inception_3a/3x3_reduce","Convolution","Convolution","Convolution",268.,270.5,364.,"{364., 281., 273., 271., 270., 310., 272., 269., 270., 270., 268., 269., 268., 269., 270., 299., 274., 269., 269., 294., 293., 273., 270., 281., 271., 268., 268., 269., 270., 269., 269., 269., 269., 296., 272., 269., 269., 293., 273., 270., 269., 269., 269., 269., 268., 269., 269., 295., 276., 273.}"
"Inception V1 Trained on Places365 Data","c5.large",16,16,0,50,"inception_3a/relu_3x3_reduce","inception_3a/relu_3x3_reduce","inception_3a/relu_3x3_reduce","Elementwise","Elementwise","Elementwise",48.,48.4333,84.,"{84., 54., 50., 50., 49., 49., 48., 49., 49., 48., 48., 48., 48., 48., 48., 49., 49., 48., 49., 49., 48., 48., 48., 49., 49., 48., 49., 48., 48., 48., 49., 48., 48., 48., 48., 48., 48., 48., 48., 48., 48., 48., 49., 50., 64., 51., 50., 49., 49., 48.}"
"Inception V1 Trained on Places365 Data","c5.large",17,17,0,50,"inception_3a/3x3","inception_3a/3x3","inception_3a/3x3","Convolution","Convolution","Convolution",1900.,1929.8667,2067.,"{2067., 1972., 1939., 1909., 1935., 1925., 1972., 1908., 1930., 1908., 1941., 1932., 1947., 1915., 1966., 1912., 1962., 1918., 1938., 1917., 1930., 1935., 1963., 1908., 1937., 1907., 1946., 1928., 1933., 1900., 1925., 1919., 1937., 1928., 1901., 1927., 1911., 1960., 1908., 1944., 1911., 1946., 1940., 1938., 1908., 1938., 1905., 1939., 1928., 1961.}"
"Inception V1 Trained on Places365 Data","c5.large",18,18,0,50,"inception_3a/relu_3x3","inception_3a/relu_3x3","inception_3a/relu_3x3","Elementwise","Elementwise","Elementwise",56.,57.,86.,"{84., 61., 59., 58., 58., 57., 57., 57., 57., 57., 57., 57., 57., 57., 56., 57., 57., 57., 57., 58., 56., 56., 56., 57., 57., 56., 56., 57., 56., 57., 57., 57., 56., 56., 57., 57., 57., 57., 57., 57., 57., 86., 60., 58., 57., 57., 57., 57., 57., 57.}"
"Inception V1 Trained on Places365 Data","c5.large",19,19,0,50,"inception_3a/5x5_reduce","inception_3a/5x5_reduce","inception_3a/5x5_reduce","Convolution","Convolution","Convolution",85.,85.4,154.,"{154., 91., 87., 85., 86., 86., 85., 86., 87., 86., 86., 86., 85., 85., 85., 85., 85., 85., 86., 86., 86., 85., 85., 86., 85., 85., 86., 86., 91., 86., 86., 86., 85., 85., 85., 86., 85., 85., 85., 85., 86., 85., 85., 85., 85., 85., 85., 85., 85., 85.}"
"Inception V1 Trained on Places365 Data","c5.large",20,20,0,50,"inception_3a/relu_5x5_reduce","inception_3a/relu_5x5_reduce","inception_3a/relu_5x5_reduce","Elementwise","Elementwise","Elementwise",23.,23.8333,48.,"{44., 26., 24., 24., 24., 24., 24., 23., 23., 24., 23., 24., 23., 24., 24., 24., 23., 24., 24., 23., 24., 24., 24., 23., 25., 23., 24., 23., 24., 24., 24., 23., 24., 23., 24., 24., 23., 24., 24., 23., 24., 24., 23., 24., 24., 24., 24., 24., 23., 48.}"
"Inception V1 Trained on Places365 Data","c5.large",21,21,0,50,"inception_3a/5x5","inception_3a/5x5","inception_3a/5x5","Convolution","Convolution","Convolution",462.,466.8333,560.,"{560., 480., 466., 463., 505., 468., 464., 463., 462., 489., 468., 495., 495., 467., 463., 463., 463., 463., 463., 462., 494., 468., 464., 463., 462., 463., 463., 462., 463., 490., 484., 479., 476., 467., 463., 463., 462., 501., 471., 467., 466., 466., 465., 466., 466., 490., 469., 466., 466., 466.}"
"Inception V1 Trained on Places365 Data","c5.large",22,22,0,50,"inception_3a/relu_5x5","inception_3a/relu_5x5","inception_3a/relu_5x5","Elementwise","Elementwise","Elementwise",33.,33.533300000000004,48.,"{48., 37., 34., 34., 33., 34., 34., 34., 33., 33., 33., 33., 33., 34., 33., 33., 33., 34., 34., 35., 34., 33., 34., 34., 33., 33., 33., 34., 34., 34., 33., 33., 33., 33., 33., 34., 35., 34., 34., 33., 33., 33., 33., 34., 34., 34., 34., 34., 33., 33.}"
"Inception V1 Trained on Places365 Data","c5.large",23,23,0,50,"inception_3a/pool","inception_3a/pool","inception_3a/pool","Pooling","Pooling","Pooling",1168.,1183.2667000000001,1212.,"{1211., 1174., 1195., 1171., 1169., 1212., 1193., 1170., 1168., 1188., 1170., 1168., 1188., 1196., 1186., 1175., 1191., 1171., 1204., 1196., 1173., 1187., 1209., 1176., 1173., 1172., 1191., 1173., 1172., 1191., 1196., 1186., 1194., 1174., 1173., 1171., 1191., 1173., 1197., 1204., 1187., 1172., 1207., 1175., 1173., 1172., 1201., 1210., 1186., 1196.}"
"Inception V1 Trained on Places365 Data","c5.large",24,24,0,50,"inception_3a/pool_proj","inception_3a/pool_proj","inception_3a/pool_proj","Convolution","Convolution","Convolution",122.,122.4667,217.,"{217., 157., 134., 124., 123., 122., 124., 150., 137., 126., 124., 123., 123., 122., 122., 122., 122., 122., 122., 122., 122., 122., 122., 122., 122., 123., 122., 122., 122., 122., 123., 122., 123., 122., 123., 122., 122., 148., 125., 122., 123., 123., 122., 122., 122., 122., 122., 122., 124., 123.}"
"Inception V1 Trained on Places365 Data","c5.large",25,25,0,50,"inception_3a/relu_pool_proj","inception_3a/relu_pool_proj","inception_3a/relu_pool_proj","Elementwise","Elementwise","Elementwise",33.,33.9667,79.,"{50., 37., 34., 34., 34., 34., 34., 34., 34., 42., 34., 33., 33., 34., 34., 34., 33., 34., 34., 33., 34., 33., 34., 34., 34., 34., 34., 34., 34., 34., 34., 34., 34., 34., 34., 79., 53., 36., 34., 33., 33., 33., 33., 34., 34., 34., 33., 33., 36., 34.}"
"Inception V1 Trained on Places365 Data","c5.large",26,26,0,50,"inception_3a/output","inception_3a/output","inception_3a/output","Catenate","Catenate","Catenate",94.,95.2333,148.,"{148., 109., 98., 96., 95., 96., 95., 96., 95., 95., 110., 99., 96., 95., 96., 96., 95., 95., 95., 95., 95., 94., 94., 119., 97., 96., 95., 94., 94., 94., 94., 94., 96., 95., 95., 95., 95., 95., 95., 95., 94., 95., 94., 95., 95., 94., 107., 99., 95., 95.}"
"Inception V1 Trained on Places365 Data","c5.large",27,27,0,50,"inception_3b/1x1","inception_3b/1x1","inception_3b/1x1","Convolution","Convolution","Convolution",431.,435.36670000000004,571.,"{571., 441., 433., 432., 432., 432., 431., 445., 461., 460., 454., 435., 431., 432., 431., 432., 432., 431., 437., 433., 432., 431., 432., 431., 432., 432., 460., 436., 432., 443., 452., 436., 445., 436., 431., 468., 438., 437., 435., 435., 435., 435., 436., 435., 458., 436., 464., 440., 434., 434.}"
"Inception V1 Trained on Places365 Data","c5.large",28,28,0,50,"inception_3b/relu_1x1","inception_3b/relu_1x1","inception_3b/relu_1x1","Elementwise","Elementwise","Elementwise",56.,56.800000000000004,83.,"{80., 60., 59., 58., 57., 56., 57., 57., 57., 57., 57., 57., 56., 56., 57., 56., 57., 57., 56., 57., 57., 57., 57., 56., 58., 56., 57., 57., 56., 57., 56., 56., 57., 83., 61., 58., 57., 56., 56., 57., 57., 56., 56., 56., 56., 57., 57., 57., 57., 57.}"
"Inception V1 Trained on Places365 Data","c5.large",29,29,0,50,"inception_3b/3x3_reduce","inception_3b/3x3_reduce","inception_3b/3x3_reduce","Convolution","Convolution","Convolution",430.,438.2667,494.,"{494., 438., 443., 433., 487., 439., 453., 435., 432., 431., 432., 431., 451., 471., 435., 433., 432., 431., 432., 432., 432., 430., 459., 439., 437., 445., 456., 441., 454., 441., 437., 463., 439., 437., 436., 436., 437., 436., 437., 456., 440., 436., 437., 436., 436., 436., 436., 446., 477., 440.}"
"Inception V1 Trained on Places365 Data","c5.large",30,30,0,50,"inception_3b/relu_3x3_reduce","inception_3b/relu_3x3_reduce","inception_3b/relu_3x3_reduce","Elementwise","Elementwise","Elementwise",55.,56.6,84.,"{78., 61., 84., 59., 57., 56., 57., 57., 57., 56., 56., 57., 57., 57., 56., 57., 57., 56., 57., 56., 57., 58., 57., 56., 56., 57., 56., 56., 57., 56., 56., 56., 57., 56., 56., 80., 59., 57., 56., 57., 56., 56., 57., 56., 56., 55., 57., 75., 58., 56.}"
"Inception V1 Trained on Places365 Data","c5.large",31,31,0,50,"inception_3b/3x3","inception_3b/3x3","inception_3b/3x3","Convolution","Convolution","Convolution",3129.,3178.3333000000002,4012.,"{4012., 3274., 3203., 3206., 3183., 3142., 3210., 3178., 3166., 3188., 3129., 3174., 3239., 3168., 3167., 3162., 3181., 3177., 3183., 3161., 3156., 3188., 3211., 3165., 3148., 3192., 3178., 3181., 3197., 3133., 3153., 3209., 3168., 3191., 3170., 3184., 3177., 3192., 3180., 3133., 3177., 3202., 3164., 3174., 3202., 3163., 3186., 3196., 3160., 3144.}"
"Inception V1 Trained on Places365 Data","c5.large",32,32,0,50,"inception_3b/relu_3x3","inception_3b/relu_3x3","inception_3b/relu_3x3","Elementwise","Elementwise","Elementwise",80.,80.9667,117.,"{117., 89., 82., 81., 80., 81., 81., 81., 81., 81., 92., 81., 81., 80., 80., 81., 81., 81., 81., 80., 81., 81., 81., 81., 81., 81., 80., 80., 81., 81., 81., 80., 81., 80., 82., 81., 80., 104., 85., 81., 104., 83., 87., 80., 80., 80., 82., 81., 81., 81.}"
"Inception V1 Trained on Places365 Data","c5.large",33,33,0,50,"inception_3b/5x5_reduce","inception_3b/5x5_reduce","inception_3b/5x5_reduce","Convolution","Convolution","Convolution",143.,143.6,252.,"{252., 151., 145., 143., 144., 143., 144., 143., 143., 144., 143., 181., 147., 144., 144., 143., 144., 145., 143., 144., 144., 143., 143., 144., 144., 143., 144., 143., 145., 143., 144., 143., 143., 144., 143., 144., 143., 169., 147., 144., 143., 143., 143., 143., 143., 154., 145., 144., 143., 143.}"
"Inception V1 Trained on Places365 Data","c5.large",34,34,0,50,"inception_3b/relu_5x5_reduce","inception_3b/relu_5x5_reduce","inception_3b/relu_5x5_reduce","Elementwise","Elementwise","Elementwise",33.,33.7333,48.,"{48., 36., 34., 34., 34., 34., 35., 34., 34., 34., 34., 34., 33., 34., 33., 33., 33., 34., 34., 33., 34., 34., 34., 34., 34., 34., 34., 34., 33., 33., 34., 34., 34., 33., 34., 33., 34., 34., 34., 33., 33., 35., 34., 33., 33., 33., 33., 33., 33., 33.}"
"Inception V1 Trained on Places365 Data","c5.large",35,35,0,50,"inception_3b/5x5","inception_3b/5x5","inception_3b/5x5","Convolution","Convolution","Convolution",1432.,1449.8333,1575.,"{1545., 1575., 1441., 1494., 1434., 1450., 1470., 1432., 1444., 1459., 1463., 1464., 1436., 1433., 1464., 1449., 1434., 1488., 1436., 1432., 1454., 1433., 1473., 1433., 1458., 1489., 1437., 1433., 1458., 1445., 1461., 1459., 1436., 1462., 1434., 1444., 1463., 1434., 1457., 1472., 1438., 1460., 1449., 1434., 1475., 1447., 1435., 1461., 1446., 1449.}"
"Inception V1 Trained on Places365 Data","c5.large",36,36,0,50,"inception_3b/relu_5x5","inception_3b/relu_5x5","inception_3b/relu_5x5","Elementwise","Elementwise","Elementwise",48.,49.1,78.,"{78., 54., 52., 50., 50., 50., 49., 50., 49., 50., 50., 50., 49., 49., 49., 49., 49., 49., 58., 51., 50., 49., 49., 49., 49., 48., 49., 49., 49., 49., 49., 49., 48., 49., 48., 49., 49., 49., 48., 49., 48., 49., 49., 48., 49., 48., 49., 49., 49., 49.}"
"Inception V1 Trained on Places365 Data","c5.large",37,37,0,50,"inception_3b/pool","inception_3b/pool","inception_3b/pool","Pooling","Pooling","Pooling",1551.,1567.2667000000001,1602.,"{1573., 1566., 1575., 1576., 1596., 1552., 1563., 1583., 1554., 1590., 1586., 1568., 1576., 1554., 1582., 1553., 1576., 1575., 1551., 1570., 1560., 1552., 1574., 1583., 1577., 1553., 1559., 1573., 1553., 1595., 1555., 1593., 1577., 1562., 1551., 1594., 1555., 1573., 1553., 1560., 1575., 1553., 1602., 1556., 1552., 1581., 1553., 1573., 1574., 1555.}"
"Inception V1 Trained on Places365 Data","c5.large",38,38,0,50,"inception_3b/pool_proj","inception_3b/pool_proj","inception_3b/pool_proj","Convolution","Convolution","Convolution",236.,239.7333,320.,"{320., 243., 238., 236., 237., 263., 242., 274., 244., 240., 240., 239., 240., 240., 239., 238., 240., 239., 239., 239., 239., 239., 239., 265., 241., 239., 239., 238., 251., 241., 240., 238., 239., 239., 239., 239., 239., 239., 240., 264., 242., 240., 240., 240., 240., 266., 244., 240., 239., 239.}"
"Inception V1 Trained on Places365 Data","c5.large",39,39,0,50,"inception_3b/relu_pool_proj","inception_3b/relu_pool_proj","inception_3b/relu_pool_proj","Elementwise","Elementwise","Elementwise",44.,44.6667,65.,"{65., 49., 47., 46., 56., 48., 47., 47., 46., 46., 45., 45., 46., 45., 46., 46., 45., 47., 65., 46., 45., 45., 44., 44., 44., 44., 44., 44., 44., 45., 44., 44., 44., 44., 44., 44., 44., 45., 44., 44., 44., 44., 44., 44., 44., 44., 44., 44., 44., 44.}"
"Inception V1 Trained on Places365 Data","c5.large",40,40,0,50,"inception_3b/output","inception_3b/output","inception_3b/output","Catenate","Catenate","Catenate",158.,160.0667,263.,"{263., 218., 175., 198., 181., 162., 161., 173., 163., 160., 161., 159., 159., 158., 159., 159., 160., 185., 161., 159., 161., 160., 160., 159., 159., 158., 160., 159., 159., 159., 158., 158., 160., 159., 159., 159., 165., 160., 159., 160., 192., 163., 161., 160., 159., 161., 160., 160., 159., 161.}"
"Inception V1 Trained on Places365 Data","c5.large",41,41,0,50,"pool3_3x3_s2_pad","pool3_3x3_s2_pad","pool3_3x3_s2_pad","Padding","Padding","Padding",644.,651.0667000000001,708.,"{673., 689., 651., 646., 645., 690., 651., 648., 648., 649., 650., 675., 649., 648., 648., 647., 682., 676., 650., 648., 651., 648., 680., 677., 660., 648., 647., 647., 647., 668., 647., 646., 675., 647., 644., 670., 647., 645., 645., 646., 656., 668., 646., 646., 644., 645., 645., 708., 653., 649.}"
"Inception V1 Trained on Places365 Data","c5.large",42,42,0,50,"pool3_3x3_s2","pool3_3x3_s2","pool3_3x3_s2","Pooling","Pooling","Pooling",804.,812.1333000000001,856.,"{831., 810., 805., 814., 841., 807., 807., 811., 807., 856., 810., 808., 806., 806., 832., 819., 806., 806., 806., 830., 809., 831., 810., 829., 808., 806., 805., 816., 827., 807., 806., 806., 805., 828., 848., 805., 824., 808., 829., 814., 808., 806., 807., 827., 806., 804., 848., 809., 836., 810.}"
"Inception V1 Trained on Places365 Data","c5.large",43,43,0,50,"inception_4a/1x1","inception_4a/1x1","inception_4a/1x1","Convolution","Convolution","Convolution",332.,337.1333,447.,"{447., 355., 340., 340., 337., 377., 342., 337., 349., 338., 338., 336., 337., 336., 336., 335., 363., 339., 333., 332., 332., 334., 333., 369., 346., 337., 336., 361., 343., 336., 335., 335., 336., 336., 336., 335., 335., 348., 337., 365., 340., 337., 335., 336., 336., 335., 336., 336., 335., 335.}"
"Inception V1 Trained on Places365 Data","c5.large",44,44,0,50,"inception_4a/relu_1x1","inception_4a/relu_1x1","inception_4a/relu_1x1","Elementwise","Elementwise","Elementwise",36.,38.300000000000004,58.,"{57., 43., 41., 41., 40., 40., 40., 40., 39., 40., 40., 39., 39., 39., 39., 40., 40., 40., 39., 39., 39., 39., 39., 39., 39., 58., 39., 37., 37., 38., 36., 37., 37., 37., 37., 37., 37., 37., 37., 37., 37., 37., 37., 37., 36., 37., 37., 36., 37., 37.}"
"Inception V1 Trained on Places365 Data","c5.large",45,45,0,50,"inception_4a/3x3_reduce","inception_4a/3x3_reduce","inception_4a/3x3_reduce","Convolution","Convolution","Convolution",174.,178.20000000000002,245.,"{245., 181., 177., 176., 175., 174., 175., 174., 175., 174., 175., 174., 174., 175., 218., 180., 177., 191., 221., 186., 180., 179., 179., 178., 178., 178., 178., 177., 178., 178., 178., 178., 178., 179., 178., 205., 182., 178., 179., 178., 178., 189., 180., 178., 179., 178., 179., 178., 179., 178.}"
"Inception V1 Trained on Places365 Data","c5.large",46,46,0,50,"inception_4a/relu_3x3_reduce","inception_4a/relu_3x3_reduce","inception_4a/relu_3x3_reduce","Elementwise","Elementwise","Elementwise",26.,31.666700000000002,45.,"{45., 35., 32., 32., 32., 31., 32., 32., 32., 32., 32., 31., 32., 32., 32., 31., 31., 32., 32., 26., 26., 26., 32., 31., 31., 32., 32., 32., 32., 32., 32., 32., 31., 31., 31., 31., 31., 31., 32., 32., 31., 33., 32., 32., 39., 32., 31., 31., 31., 31.}"
"Inception V1 Trained on Places365 Data","c5.large",47,47,0,50,"inception_4a/3x3","inception_4a/3x3","inception_4a/3x3","Convolution","Convolution","Convolution",757.,770.8333,969.,"{861., 809., 780., 765., 762., 761., 799., 762., 760., 758., 813., 796., 764., 760., 759., 772., 791., 764., 761., 759., 762., 787., 792., 766., 759., 757., 787., 764., 771., 760., 759., 798., 771., 763., 761., 810., 969., 780., 763., 784., 776., 792., 767., 761., 761., 762., 790., 767., 793., 769.}"
"Inception V1 Trained on Places365 Data","c5.large",48,48,0,50,"inception_4a/relu_3x3","inception_4a/relu_3x3","inception_4a/relu_3x3","Elementwise","Elementwise","Elementwise",41.,42.,70.,"{59., 45., 43., 43., 42., 43., 42., 42., 42., 42., 42., 42., 42., 43., 42., 42., 42., 42., 41., 42., 42., 42., 42., 42., 42., 42., 43., 42., 42., 42., 42., 42., 42., 42., 42., 42., 70., 47., 43., 42., 42., 42., 42., 42., 42., 41., 42., 42., 42., 42.}"
"Inception V1 Trained on Places365 Data","c5.large",49,49,0,50,"inception_4a/5x5_reduce","inception_4a/5x5_reduce","inception_4a/5x5_reduce","Convolution","Convolution","Convolution",59.,59.400000000000006,131.,"{131., 95., 65., 61., 60., 60., 60., 60., 60., 59., 60., 59., 59., 60., 59., 59., 59., 59., 60., 114., 62., 60., 60., 59., 59., 60., 59., 59., 59., 59., 59., 59., 59., 60., 60., 59., 59., 59., 59., 59., 59., 59., 60., 59., 59., 59., 59., 59., 60., 60.}"
"Inception V1 Trained on Places365 Data","c5.large",50,50,0,50,"inception_4a/relu_5x5_reduce","inception_4a/relu_5x5_reduce","inception_4a/relu_5x5_reduce","Elementwise","Elementwise","Elementwise",22.,22.5667,63.,"{39., 26., 24., 23., 23., 23., 23., 22., 22., 23., 22., 23., 22., 23., 22., 23., 22., 23., 23., 22., 23., 22., 23., 22., 23., 22., 22., 22., 22., 23., 22., 23., 23., 22., 23., 22., 23., 22., 22., 23., 22., 23., 22., 63., 26., 22., 23., 22., 23., 22.}"
"Inception V1 Trained on Places365 Data","c5.large",51,51,0,50,"inception_4a/5x5","inception_4a/5x5","inception_4a/5x5","Convolution","Convolution","Convolution",171.,174.4667,232.,"{232., 186., 182., 181., 179., 179., 220., 176., 173., 172., 184., 175., 171., 207., 180., 174., 174., 174., 174., 174., 173., 173., 173., 173., 174., 174., 173., 198., 177., 174., 173., 173., 174., 174., 183., 174., 173., 174., 174., 174., 174., 173., 174., 173., 173., 173., 173., 173., 173., 197.}"
"Inception V1 Trained on Places365 Data","c5.large",52,52,0,50,"inception_4a/relu_5x5","inception_4a/relu_5x5","inception_4a/relu_5x5","Elementwise","Elementwise","Elementwise",25.,25.700000000000003,47.,"{45., 29., 27., 26., 25., 25., 25., 25., 25., 26., 25., 25., 26., 26., 35., 26., 26., 26., 26., 26., 26., 25., 26., 26., 26., 26., 26., 25., 25., 26., 25., 25., 25., 26., 27., 25., 47., 27., 26., 26., 26., 26., 26., 26., 25., 25., 26., 25., 25., 25.}"
"Inception V1 Trained on Places365 Data","c5.large",53,53,0,50,"inception_4a/pool","inception_4a/pool","inception_4a/pool","Pooling","Pooling","Pooling",753.,762.3667,807.,"{807., 778., 759., 754., 777., 768., 759., 758., 758., 779., 758., 754., 753., 778., 785., 759., 757., 755., 764., 776., 757., 757., 756., 756., 793., 763., 797., 761., 777., 779., 758., 765., 757., 755., 756., 758., 754., 754., 772., 800., 776., 763., 757., 756., 767., 796., 761., 758., 758., 757.}"
"Inception V1 Trained on Places365 Data","c5.large",54,54,0,50,"inception_4a/pool_proj","inception_4a/pool_proj","inception_4a/pool_proj","Convolution","Convolution","Convolution",126.,127.2,199.,"{199., 134., 141., 129., 127., 127., 127., 127., 127., 128., 127., 127., 127., 127., 127., 127., 127., 128., 127., 127., 127., 127., 153., 130., 128., 128., 128., 128., 128., 127., 127., 127., 128., 127., 127., 127., 127., 127., 127., 128., 127., 127., 127., 127., 127., 128., 126., 127., 127., 127.}"
"Inception V1 Trained on Places365 Data","c5.large",55,55,0,50,"inception_4a/relu_pool_proj","inception_4a/relu_pool_proj","inception_4a/relu_pool_proj","Elementwise","Elementwise","Elementwise",23.,23.900000000000002,44.,"{44., 27., 25., 25., 24., 24., 24., 26., 24., 25., 24., 24., 24., 24., 24., 23., 24., 24., 24., 24., 23., 23., 24., 24., 24., 25., 23., 23., 23., 24., 24., 23., 24., 25., 25., 23., 24., 24., 23., 24., 23., 24., 24., 24., 24., 24., 23., 23., 23., 24.}"
"Inception V1 Trained on Places365 Data","c5.large",56,56,0,50,"inception_4a/output","inception_4a/output","inception_4a/output","Catenate","Catenate","Catenate",59.,60.,93.,"{90., 70., 61., 60., 60., 61., 60., 60., 60., 59., 59., 60., 60., 60., 60., 60., 60., 60., 61., 60., 60., 59., 60., 60., 60., 59., 60., 60., 60., 61., 60., 93., 64., 61., 61., 60., 60., 59., 59., 59., 60., 60., 59., 60., 59., 60., 60., 60., 60., 59.}"
"Inception V1 Trained on Places365 Data","c5.large",57,57,0,50,"inception_4b/1x1","inception_4b/1x1","inception_4b/1x1","Convolution","Convolution","Convolution",279.,280.6667,356.,"{356., 287., 282., 280., 279., 279., 279., 279., 312., 282., 280., 298., 284., 279., 280., 299., 282., 281., 280., 280., 279., 317., 283., 280., 280., 293., 281., 280., 280., 280., 280., 280., 280., 281., 280., 306., 282., 281., 280., 280., 279., 279., 280., 280., 280., 279., 281., 279., 307., 329.}"
"Inception V1 Trained on Places365 Data","c5.large",58,58,0,50,"inception_4b/relu_1x1","inception_4b/relu_1x1","inception_4b/relu_1x1","Elementwise","Elementwise","Elementwise",35.,35.2333,60.,"{50., 39., 36., 36., 35., 36., 36., 36., 36., 36., 36., 35., 35., 35., 36., 35., 35., 60., 37., 35., 35., 35., 35., 36., 35., 35., 35., 35., 35., 35., 35., 35., 36., 35., 35., 35., 35., 35., 35., 35., 35., 36., 35., 35., 36., 35., 35., 35., 35., 35.}"
"Inception V1 Trained on Places365 Data","c5.large",59,59,0,50,"inception_4b/3x3_reduce","inception_4b/3x3_reduce","inception_4b/3x3_reduce","Convolution","Convolution","Convolution",205.,206.5333,274.,"{274., 213., 208., 207., 207., 206., 207., 206., 206., 206., 205., 238., 260., 213., 207., 206., 207., 206., 206., 206., 206., 207., 206., 206., 206., 219., 208., 207., 206., 233., 209., 207., 206., 206., 206., 206., 206., 206., 206., 206., 206., 206., 207., 206., 205., 208., 206., 242., 211., 207.}"
"Inception V1 Trained on Places365 Data","c5.large",60,60,0,50,"inception_4b/relu_3x3_reduce","inception_4b/relu_3x3_reduce","inception_4b/relu_3x3_reduce","Elementwise","Elementwise","Elementwise",32.,32.6,63.,"{45., 35., 33., 32., 32., 32., 33., 33., 33., 33., 33., 33., 33., 33., 33., 33., 63., 35., 33., 32., 32., 33., 32., 32., 33., 32., 33., 33., 32., 32., 33., 33., 33., 32., 32., 33., 32., 32., 32., 32., 32., 33., 32., 33., 32., 33., 33., 32., 32., 32.}"
"Inception V1 Trained on Places365 Data","c5.large",61,61,0,50,"inception_4b/3x3","inception_4b/3x3","inception_4b/3x3","Convolution","Convolution","Convolution",917.,935.5333,1033.,"{1033., 956., 928., 952., 922., 975., 926., 960., 938., 921., 920., 953., 923., 921., 919., 948., 955., 950., 925., 957., 924., 923., 920., 921., 950., 923., 917., 974., 955., 939., 926., 924., 953., 925., 921., 921., 950., 981., 930., 924., 933., 968., 926., 924., 923., 950., 950., 926., 945., 955.}"
"Inception V1 Trained on Places365 Data","c5.large",62,62,0,50,"inception_4b/relu_3x3","inception_4b/relu_3x3","inception_4b/relu_3x3","Elementwise","Elementwise","Elementwise",42.,42.8667,79.,"{61., 46., 67., 46., 44., 43., 44., 43., 43., 43., 43., 43., 43., 43., 43., 43., 43., 43., 43., 79., 50., 43., 43., 42., 42., 43., 43., 42., 42., 43., 43., 42., 43., 42., 43., 42., 43., 42., 43., 42., 43., 42., 43., 42., 43., 42., 43., 42., 43., 42.}"
"Inception V1 Trained on Places365 Data","c5.large",63,63,0,50,"inception_4b/5x5_reduce","inception_4b/5x5_reduce","inception_4b/5x5_reduce","Convolution","Convolution","Convolution",73.,74.6333,144.,"{144., 80., 75., 113., 85., 78., 77., 77., 77., 77., 77., 77., 77., 77., 103., 78., 74., 74., 73., 73., 74., 74., 74., 74., 74., 73., 74., 74., 73., 84., 75., 73., 73., 73., 73., 73., 74., 73., 74., 74., 74., 73., 73., 73., 73., 74., 74., 74., 79., 74.}"
"Inception V1 Trained on Places365 Data","c5.large",64,64,0,50,"inception_4b/relu_5x5_reduce","inception_4b/relu_5x5_reduce","inception_4b/relu_5x5_reduce","Elementwise","Elementwise","Elementwise",22.,22.8,40.,"{40., 25., 24., 23., 23., 23., 23., 22., 23., 23., 23., 22., 23., 23., 23., 23., 22., 23., 23., 22., 23., 23., 22., 23., 22., 23., 22., 23., 22., 23., 22., 23., 23., 23., 22., 23., 22., 23., 22., 23., 22., 23., 23., 22., 22., 23., 23., 23., 22., 23.}"
"Inception V1 Trained on Places365 Data","c5.large",65,65,0,50,"inception_4b/5x5","inception_4b/5x5","inception_4b/5x5","Convolution","Convolution","Convolution",269.,272.1,343.,"{343., 329., 280., 271., 301., 276., 271., 270., 281., 271., 270., 271., 271., 271., 270., 270., 270., 272., 295., 274., 271., 271., 270., 270., 270., 270., 270., 270., 271., 284., 275., 271., 296., 275., 271., 272., 303., 277., 271., 271., 271., 269., 270., 270., 280., 272., 296., 273., 271., 272.}"
"Inception V1 Trained on Places365 Data","c5.large",66,66,0,50,"inception_4b/relu_5x5","inception_4b/relu_5x5","inception_4b/relu_5x5","Elementwise","Elementwise","Elementwise",23.,24.,44.,"{44., 27., 25., 24., 24., 24., 23., 24., 25., 24., 44., 26., 25., 24., 24., 24., 25., 24., 24., 24., 24., 24., 24., 24., 23., 25., 24., 24., 24., 24., 24., 24., 24., 24., 24., 24., 24., 24., 25., 23., 24., 24., 24., 24., 24., 24., 24., 24., 24., 24.}"
"Inception V1 Trained on Places365 Data","c5.large",67,67,0,50,"inception_4b/pool","inception_4b/pool","inception_4b/pool","Pooling","Pooling","Pooling",804.,812.5667000000001,862.,"{824., 810., 831., 862., 837., 808., 812., 835., 807., 806., 804., 805., 825., 807., 804., 804., 828., 833., 816., 806., 805., 804., 826., 806., 805., 804., 824., 804., 825., 808., 842., 836., 808., 808., 807., 806., 827., 808., 820., 809., 828., 829., 816., 808., 805., 806., 826., 807., 806., 805.}"
"Inception V1 Trained on Places365 Data","c5.large",68,68,0,50,"inception_4b/pool_proj","inception_4b/pool_proj","inception_4b/pool_proj","Convolution","Convolution","Convolution",133.,136.,217.,"{217., 145., 139., 139., 138., 138., 138., 137., 137., 137., 138., 137., 137., 137., 137., 137., 137., 137., 138., 137., 138., 136., 137., 137., 164., 139., 136., 134., 134., 134., 135., 135., 135., 134., 134., 134., 134., 135., 134., 134., 134., 133., 134., 134., 135., 134., 134., 134., 134., 172.}"
"Inception V1 Trained on Places365 Data","c5.large",69,69,0,50,"inception_4b/relu_pool_proj","inception_4b/relu_pool_proj","inception_4b/relu_pool_proj","Elementwise","Elementwise","Elementwise",23.,24.200000000000003,53.,"{47., 37., 35., 34., 34., 34., 34., 34., 53., 26., 24., 24., 24., 24., 25., 24., 24., 24., 24., 24., 24., 23., 24., 24., 24., 24., 24., 24., 24., 24., 24., 24., 24., 24., 24., 24., 24., 24., 24., 24., 42., 27., 24., 24., 24., 24., 24., 24., 24., 23.}"
"Inception V1 Trained on Places365 Data","c5.large",70,70,0,50,"inception_4b/output","inception_4b/output","inception_4b/output","Catenate","Catenate","Catenate",62.,63.133300000000006,101.,"{85., 68., 64., 63., 63., 63., 62., 63., 63., 63., 63., 62., 62., 63., 63., 63., 63., 64., 63., 63., 63., 63., 63., 63., 62., 63., 62., 62., 62., 63., 62., 101., 68., 64., 63., 64., 64., 64., 63., 63., 63., 64., 63., 63., 64., 63., 63., 63., 64., 64.}"
"Inception V1 Trained on Places365 Data","c5.large",71,71,0,50,"inception_4c/1x1","inception_4c/1x1","inception_4c/1x1","Convolution","Convolution","Convolution",230.,234.8667,303.,"{303., 241., 235., 234., 234., 233., 233., 253., 239., 235., 256., 234., 232., 231., 231., 231., 231., 271., 237., 231., 231., 231., 230., 243., 232., 231., 265., 239., 235., 235., 235., 235., 235., 235., 235., 235., 235., 235., 235., 235., 234., 235., 263., 239., 235., 236., 235., 235., 235., 235.}"
"Inception V1 Trained on Places365 Data","c5.large",72,72,0,50,"inception_4c/relu_1x1","inception_4c/relu_1x1","inception_4c/relu_1x1","Elementwise","Elementwise","Elementwise",33.,33.800000000000004,49.,"{49., 37., 34., 34., 34., 33., 34., 34., 33., 34., 34., 33., 34., 34., 34., 33., 33., 33., 34., 33., 33., 33., 33., 33., 34., 34., 33., 33., 34., 34., 34., 34., 34., 34., 34., 34., 33., 33., 34., 34., 34., 34., 34., 34., 33., 34., 34., 34., 34., 34.}"
"Inception V1 Trained on Places365 Data","c5.large",73,73,0,50,"inception_4c/3x3_reduce","inception_4c/3x3_reduce","inception_4c/3x3_reduce","Convolution","Convolution","Convolution",231.,234.16670000000002,295.,"{295., 236., 232., 231., 276., 239., 235., 234., 234., 234., 233., 233., 234., 233., 233., 234., 233., 233., 233., 233., 288., 243., 235., 234., 234., 246., 235., 234., 279., 242., 237., 234., 234., 234., 233., 234., 263., 238., 234., 234., 233., 234., 234., 234., 233., 235., 234., 233., 234., 234.}"
"Inception V1 Trained on Places365 Data","c5.large",74,74,0,50,"inception_4c/relu_3x3_reduce","inception_4c/relu_3x3_reduce","inception_4c/relu_3x3_reduce","Elementwise","Elementwise","Elementwise",33.,38.,55.,"{53., 41., 39., 38., 38., 38., 39., 38., 38., 38., 39., 38., 38., 38., 38., 38., 38., 38., 38., 38., 38., 38., 38., 38., 38., 38., 38., 38., 38., 38., 38., 38., 38., 38., 38., 38., 38., 38., 38., 55., 39., 34., 33., 33., 33., 34., 34., 33., 33., 33.}"
"Inception V1 Trained on Places365 Data","c5.large",75,75,0,50,"inception_4c/3x3","inception_4c/3x3","inception_4c/3x3","Convolution","Convolution","Convolution",1148.,1165.2,1271.,"{1271., 1169., 1151., 1196., 1154., 1199., 1184., 1152., 1152., 1154., 1182., 1155., 1155., 1221., 1168., 1152., 1180., 1149., 1148., 1171., 1181., 1153., 1188., 1184., 1154., 1150., 1176., 1150., 1152., 1166., 1206., 1169., 1152., 1179., 1150., 1149., 1174., 1181., 1156., 1191., 1187., 1157., 1155., 1181., 1157., 1152., 1152., 1208., 1181., 1156.}"
"Inception V1 Trained on Places365 Data","c5.large",76,76,0,50,"inception_4c/relu_3x3","inception_4c/relu_3x3","inception_4c/relu_3x3","Elementwise","Elementwise","Elementwise",40.,43.3333,85.,"{65., 48., 85., 53., 45., 44., 44., 44., 45., 44., 44., 45., 52., 47., 46., 45., 45., 46., 45., 45., 46., 45., 46., 46., 45., 45., 61., 45., 42., 40., 41., 41., 40., 41., 41., 41., 40., 40., 41., 40., 41., 40., 41., 40., 41., 41., 40., 41., 40., 41.}"
"Inception V1 Trained on Places365 Data","c5.large",77,77,0,50,"inception_4c/5x5_reduce","inception_4c/5x5_reduce","inception_4c/5x5_reduce","Convolution","Convolution","Convolution",72.,74.60000000000001,144.,"{144., 79., 76., 74., 73., 74., 74., 73., 74., 73., 74., 73., 73., 73., 73., 73., 74., 75., 73., 73., 73., 73., 73., 73., 73., 73., 73., 73., 73., 73., 72., 116., 83., 78., 77., 76., 77., 76., 76., 77., 77., 77., 77., 77., 76., 76., 76., 76., 77., 77.}"
"Inception V1 Trained on Places365 Data","c5.large",78,78,0,50,"inception_4c/relu_5x5_reduce","inception_4c/relu_5x5_reduce","inception_4c/relu_5x5_reduce","Elementwise","Elementwise","Elementwise",22.,22.7333,40.,"{40., 25., 24., 22., 22., 23., 23., 22., 23., 23., 22., 23., 23., 22., 23., 22., 23., 23., 22., 23., 22., 23., 22., 22., 23., 24., 22., 23., 23., 23., 23., 23., 23., 22., 23., 23., 23., 23., 22., 23., 22., 23., 22., 23., 22., 23., 23., 22., 23., 22.}"
"Inception V1 Trained on Places365 Data","c5.large",79,79,0,50,"inception_4c/5x5","inception_4c/5x5","inception_4c/5x5","Convolution","Convolution","Convolution",269.,270.1,339.,"{339., 278., 270., 271., 270., 270., 270., 270., 270., 269., 301., 273., 271., 269., 269., 269., 270., 269., 269., 270., 270., 270., 269., 270., 295., 275., 269., 270., 269., 270., 270., 270., 269., 269., 317., 291., 272., 270., 304., 275., 270., 271., 270., 270., 270., 270., 270., 270., 270., 269.}"
"Inception V1 Trained on Places365 Data","c5.large",80,80,0,50,"inception_4c/relu_5x5","inception_4c/relu_5x5","inception_4c/relu_5x5","Elementwise","Elementwise","Elementwise",23.,24.,44.,"{44., 27., 25., 24., 25., 24., 24., 24., 25., 24., 24., 24., 24., 24., 24., 23., 24., 24., 24., 24., 24., 24., 24., 24., 24., 23., 23., 24., 24., 24., 24., 24., 24., 24., 24., 23., 24., 25., 24., 23., 25., 23., 23., 24., 24., 24., 24., 23., 24., 24.}"
"Inception V1 Trained on Places365 Data","c5.large",81,81,0,50,"inception_4c/pool","inception_4c/pool","inception_4c/pool","Pooling","Pooling","Pooling",802.,810.6333000000001,879.,"{823., 824., 808., 852., 831., 805., 803., 802., 802., 829., 804., 802., 802., 802., 823., 842., 807., 803., 802., 825., 805., 803., 803., 820., 831., 809., 805., 807., 838., 833., 807., 806., 806., 831., 809., 807., 806., 806., 824., 805., 835., 808., 803., 879., 812., 809., 806., 807., 826., 807.}"
"Inception V1 Trained on Places365 Data","c5.large",82,82,0,50,"inception_4c/pool_proj","inception_4c/pool_proj","inception_4c/pool_proj","Convolution","Convolution","Convolution",134.,138.0667,213.,"{213., 146., 142., 140., 139., 139., 139., 139., 173., 142., 138., 137., 138., 137., 138., 137., 138., 138., 138., 137., 137., 137., 138., 138., 137., 137., 138., 136., 137., 138., 137., 137., 137., 137., 137., 161., 139., 136., 135., 135., 135., 135., 134., 148., 181., 149., 142., 140., 139., 141.}"
"Inception V1 Trained on Places365 Data","c5.large",83,83,0,50,"inception_4c/relu_pool_proj","inception_4c/relu_pool_proj","inception_4c/relu_pool_proj","Elementwise","Elementwise","Elementwise",24.,34.2,52.,"{49., 37., 34., 35., 35., 35., 35., 34., 34., 35., 34., 34., 35., 34., 35., 34., 34., 34., 34., 34., 34., 34., 34., 34., 34., 34., 34., 34., 35., 35., 34., 34., 34., 35., 35., 34., 34., 34., 35., 35., 34., 34., 34., 52., 34., 25., 24., 24., 24., 24.}"
"Inception V1 Trained on Places365 Data","c5.large",84,84,0,50,"inception_4c/output","inception_4c/output","inception_4c/output","Catenate","Catenate","Catenate",59.,59.800000000000004,95.,"{86., 68., 61., 60., 60., 59., 59., 60., 59., 59., 59., 95., 64., 60., 60., 59., 60., 60., 60., 59., 60., 59., 60., 59., 59., 60., 60., 60., 60., 60., 60., 60., 60., 59., 60., 60., 60., 59., 60., 59., 59., 60., 60., 59., 59., 87., 63., 60., 60., 60.}"
"Inception V1 Trained on Places365 Data","c5.large",85,85,0,50,"inception_4d/1x1","inception_4d/1x1","inception_4d/1x1","Convolution","Convolution","Convolution",206.,208.63330000000002,296.,"{296., 215., 209., 209., 209., 208., 208., 207., 207., 208., 207., 208., 220., 247., 219., 239., 211., 209., 207., 207., 208., 206., 207., 207., 207., 207., 206., 206., 207., 206., 207., 206., 207., 243., 213., 210., 210., 210., 210., 209., 210., 209., 210., 209., 209., 210., 210., 210., 209., 209.}"
"Inception V1 Trained on Places365 Data","c5.large",86,86,0,50,"inception_4d/relu_1x1","inception_4d/relu_1x1","inception_4d/relu_1x1","Elementwise","Elementwise","Elementwise",32.,35.2333,55.,"{50., 40., 37., 36., 36., 36., 35., 36., 36., 35., 35., 35., 36., 36., 36., 36., 36., 36., 36., 36., 35., 36., 35., 35., 36., 36., 36., 35., 36., 35., 36., 36., 36., 35., 55., 34., 33., 33., 33., 33., 34., 32., 33., 33., 33., 32., 33., 33., 33., 33.}"
"Inception V1 Trained on Places365 Data","c5.large",87,87,0,50,"inception_4d/3x3_reduce","inception_4d/3x3_reduce","inception_4d/3x3_reduce","Convolution","Convolution","Convolution",254.,256.3,324.,"{324., 260., 256., 254., 256., 255., 255., 273., 261., 255., 255., 284., 259., 256., 256., 255., 268., 256., 305., 263., 257., 256., 255., 256., 255., 256., 283., 259., 257., 256., 255., 256., 256., 255., 256., 255., 256., 255., 256., 255., 274., 287., 259., 257., 256., 255., 256., 255., 255., 255.}"
"Inception V1 Trained on Places365 Data","c5.large",88,88,0,50,"inception_4d/relu_3x3_reduce","inception_4d/relu_3x3_reduce","inception_4d/relu_3x3_reduce","Elementwise","Elementwise","Elementwise",34.,34.7,49.,"{49., 37., 35., 35., 35., 35., 34., 34., 35., 35., 35., 35., 35., 36., 35., 34., 35., 35., 35., 35., 35., 35., 34., 35., 35., 34., 34., 34., 35., 35., 35., 35., 35., 35., 34., 34., 34., 34., 34., 34., 34., 34., 34., 34., 34., 35., 35., 35., 35., 34.}"
"Inception V1 Trained on Places365 Data","c5.large",89,89,0,50,"inception_4d/3x3","inception_4d/3x3","inception_4d/3x3","Convolution","Convolution","Convolution",1410.,1428.6333,1595.,"{1595., 1429., 1426., 1486., 1416., 1414., 1443., 1411., 1449., 1429., 1443., 1445., 1412., 1411., 1442., 1412., 1425., 1470., 1418., 1437., 1411., 1423., 1478., 1427., 1444., 1447., 1411., 1411., 1441., 1413., 1428., 1451., 1410., 1443., 1411., 1412., 1444., 1425., 1439., 1443., 1413., 1410., 1440., 1414., 1449., 1435., 1427., 1443., 1414., 1413.}"
"Inception V1 Trained on Places365 Data","c5.large",90,90,0,50,"inception_4d/relu_3x3","inception_4d/relu_3x3","inception_4d/relu_3x3","Elementwise","Elementwise","Elementwise",43.,43.5,65.,"{63., 47., 44., 45., 44., 43., 44., 43., 44., 43., 44., 44., 44., 43., 44., 43., 43., 43., 43., 44., 44., 65., 64., 47., 45., 44., 45., 44., 44., 43., 43., 44., 43., 43., 43., 44., 43., 43., 43., 43., 43., 43., 44., 43., 43., 43., 44., 43., 43., 43.}"
"Inception V1 Trained on Places365 Data","c5.large",91,91,0,50,"inception_4d/5x5_reduce","inception_4d/5x5_reduce","inception_4d/5x5_reduce","Convolution","Convolution","Convolution",85.,86.03330000000001,158.,"{158., 92., 88., 87., 86., 85., 86., 86., 86., 86., 85., 85., 86., 86., 86., 85., 85., 86., 86., 86., 85., 86., 85., 116., 91., 87., 86., 86., 87., 87., 86., 86., 86., 86., 86., 87., 95., 87., 86., 86., 86., 86., 86., 86., 86., 85., 86., 85., 85., 85.}"
"Inception V1 Trained on Places365 Data","c5.large",92,92,0,50,"inception_4d/relu_5x5_reduce","inception_4d/relu_5x5_reduce","inception_4d/relu_5x5_reduce","Elementwise","Elementwise","Elementwise",22.,23.,41.,"{41., 26., 24., 23., 23., 22., 23., 23., 23., 22., 23., 23., 23., 23., 23., 23., 22., 23., 23., 23., 22., 23., 23., 23., 22., 23., 23., 23., 23., 23., 23., 23., 23., 23., 23., 23., 23., 23., 23., 23., 23., 23., 22., 23., 23., 22., 23., 23., 22., 22.}"
"Inception V1 Trained on Places365 Data","c5.large",93,93,0,50,"inception_4d/5x5","inception_4d/5x5","inception_4d/5x5","Convolution","Convolution","Convolution",343.,348.2667,434.,"{434., 386., 346., 344., 374., 348., 345., 357., 346., 344., 343., 363., 372., 349., 345., 380., 347., 345., 343., 344., 343., 343., 343., 344., 343., 343., 370., 349., 348., 346., 346., 347., 347., 346., 347., 356., 348., 383., 351., 360., 367., 353., 347., 347., 348., 347., 347., 348., 372., 348.}"
"Inception V1 Trained on Places365 Data","c5.large",94,94,0,50,"inception_4d/relu_5x5","inception_4d/relu_5x5","inception_4d/relu_5x5","Elementwise","Elementwise","Elementwise",23.,23.9667,44.,"{44., 27., 24., 24., 24., 24., 24., 24., 24., 24., 24., 24., 24., 23., 24., 23., 23., 24., 24., 27., 24., 24., 24., 24., 23., 24., 24., 24., 24., 23., 24., 24., 24., 23., 24., 23., 23., 23., 24., 24., 24., 24., 23., 24., 24., 24., 23., 24., 24., 25.}"
"Inception V1 Trained on Places365 Data","c5.large",95,95,0,50,"inception_4d/pool","inception_4d/pool","inception_4d/pool","Pooling","Pooling","Pooling",802.,810.5,844.,"{823., 807., 836., 808., 838., 807., 802., 826., 805., 802., 803., 803., 830., 808., 814., 806., 828., 830., 808., 806., 805., 804., 824., 807., 805., 804., 813., 825., 829., 810., 806., 805., 842., 807., 803., 819., 808., 824., 815., 806., 815., 844., 810., 807., 805., 806., 837., 806., 803., 802.}"
"Inception V1 Trained on Places365 Data","c5.large",96,96,0,50,"inception_4d/pool_proj","inception_4d/pool_proj","inception_4d/pool_proj","Convolution","Convolution","Convolution",133.,134.1,210.,"{210., 140., 136., 135., 134., 135., 135., 134., 134., 135., 133., 134., 134., 135., 134., 133., 134., 134., 133., 134., 134., 134., 134., 133., 134., 134., 161., 139., 134., 134., 134., 134., 134., 134., 144., 137., 134., 134., 134., 134., 134., 134., 134., 133., 134., 134., 134., 134., 133., 159.}"
"Inception V1 Trained on Places365 Data","c5.large",97,97,0,50,"inception_4d/relu_pool_proj","inception_4d/relu_pool_proj","inception_4d/relu_pool_proj","Elementwise","Elementwise","Elementwise",23.,23.9667,46.,"{43., 26., 24., 24., 24., 25., 24., 24., 24., 24., 24., 23., 24., 24., 24., 23., 23., 24., 46., 25., 24., 23., 24., 24., 24., 24., 24., 24., 23., 23., 24., 24., 23., 24., 24., 24., 24., 24., 23., 24., 24., 23., 24., 23., 24., 24., 24., 23., 24., 24.}"
"Inception V1 Trained on Places365 Data","c5.large",98,98,0,50,"inception_4d/output","inception_4d/output","inception_4d/output","Catenate","Catenate","Catenate",60.,61.300000000000004,85.,"{85., 70., 63., 62., 61., 61., 62., 62., 61., 61., 61., 61., 61., 60., 62., 62., 62., 61., 61., 62., 61., 62., 61., 61., 61., 61., 61., 61., 61., 62., 61., 60., 60., 61., 61., 62., 68., 62., 62., 61., 62., 61., 61., 61., 61., 62., 61., 62., 61., 61.}"
"Inception V1 Trained on Places365 Data","c5.large",99,99,0,50,"inception_4e/1x1","inception_4e/1x1","inception_4e/1x1","Convolution","Convolution","Convolution",471.,486.70000000000005,600.,"{600., 524., 510., 516., 501., 538., 502., 490., 538., 499., 493., 488., 488., 513., 488., 487., 481., 499., 488., 480., 476., 506., 477., 488., 475., 474., 474., 471., 503., 539., 487., 477., 473., 478., 474., 476., 476., 504., 481., 475., 473., 476., 474., 485., 475., 505., 476., 475., 484., 498.}"
"Inception V1 Trained on Places365 Data","c5.large",100,100,0,50,"inception_4e/relu_1x1","inception_4e/relu_1x1","inception_4e/relu_1x1","Elementwise","Elementwise","Elementwise",45.,45.9667,78.,"{65., 50., 47., 47., 46., 46., 46., 46., 46., 45., 46., 46., 46., 46., 46., 46., 46., 45., 46., 46., 46., 45., 45., 46., 46., 45., 46., 46., 45., 46., 46., 45., 46., 46., 45., 46., 46., 45., 46., 46., 46., 45., 46., 45., 53., 49., 46., 46., 46., 78.}"
"Inception V1 Trained on Places365 Data","c5.large",101,101,0,50,"inception_4e/3x3_reduce","inception_4e/3x3_reduce","inception_4e/3x3_reduce","Convolution","Convolution","Convolution",287.,292.5667,357.,"{357., 292., 288., 287., 287., 303., 314., 293., 288., 287., 287., 287., 339., 297., 293., 293., 292., 294., 293., 292., 307., 297., 293., 293., 292., 319., 294., 292., 292., 304., 294., 292., 292., 292., 292., 292., 292., 309., 342., 299., 292., 292., 291., 291., 291., 291., 291., 291., 290., 291.}"
"Inception V1 Trained on Places365 Data","c5.large",102,102,0,50,"inception_4e/relu_3x3_reduce","inception_4e/relu_3x3_reduce","inception_4e/relu_3x3_reduce","Elementwise","Elementwise","Elementwise",35.,36.,57.,"{50., 39., 38., 36., 36., 36., 36., 36., 36., 35., 36., 36., 36., 36., 36., 36., 36., 36., 36., 36., 36., 35., 36., 36., 36., 36., 36., 36., 36., 36., 36., 36., 36., 36., 57., 38., 36., 36., 36., 36., 36., 35., 36., 36., 36., 36., 36., 36., 36., 36.}"
"Inception V1 Trained on Places365 Data","c5.large",103,103,0,50,"inception_4e/3x3","inception_4e/3x3","inception_4e/3x3","Convolution","Convolution","Convolution",1692.,1718.4333000000001,1836.,"{1836., 1752., 1696., 1706., 1740., 1739., 1729., 1692., 1721., 1705., 1695., 1747., 1695., 1724., 1698., 1735., 1700., 1721., 1723., 1721., 1729., 1710., 1731., 1715., 1733., 1730., 1709., 1730., 1728., 1730., 1698., 1716., 1712., 1698., 1755., 1698., 1728., 1698., 1736., 1698., 1724., 1730., 1700., 1756., 1708., 1720., 1724., 1698., 1739., 1694.}"
"Inception V1 Trained on Places365 Data","c5.large",104,104,0,50,"inception_4e/relu_3x3","inception_4e/relu_3x3","inception_4e/relu_3x3","Elementwise","Elementwise","Elementwise",45.,45.3667,69.,"{65., 50., 47., 46., 46., 46., 46., 46., 45., 46., 46., 45., 45., 46., 45., 45., 46., 45., 45., 45., 45., 45., 45., 69., 48., 46., 45., 45., 46., 46., 45., 45., 46., 45., 45., 45., 45., 46., 45., 45., 45., 45., 45., 45., 45., 45., 54., 46., 45., 45.}"
"Inception V1 Trained on Places365 Data","c5.large",105,105,0,50,"inception_4e/5x5_reduce","inception_4e/5x5_reduce","inception_4e/5x5_reduce","Convolution","Convolution","Convolution",87.,87.5,161.,"{161., 94., 90., 88., 88., 88., 88., 87., 88., 87., 87., 87., 88., 88., 87., 98., 91., 88., 87., 88., 87., 88., 88., 120., 92., 89., 88., 88., 88., 87., 87., 87., 87., 87., 87., 87., 87., 88., 87., 87., 87., 88., 87., 87., 87., 88., 87., 87., 87., 87.}"
"Inception V1 Trained on Places365 Data","c5.large",106,106,0,50,"inception_4e/relu_5x5_reduce","inception_4e/relu_5x5_reduce","inception_4e/relu_5x5_reduce","Elementwise","Elementwise","Elementwise",22.,23.,40.,"{40., 26., 24., 23., 23., 24., 23., 23., 23., 23., 23., 23., 23., 23., 23., 22., 23., 23., 23., 23., 23., 24., 23., 23., 23., 23., 24., 23., 23., 23., 23., 23., 23., 23., 23., 23., 23., 23., 23., 23., 23., 22., 23., 23., 23., 23., 23., 22., 23., 24.}"
"Inception V1 Trained on Places365 Data","c5.large",107,107,0,50,"inception_4e/5x5","inception_4e/5x5","inception_4e/5x5","Convolution","Convolution","Convolution",500.,509.3333,556.,"{556., 527., 506., 533., 504., 501., 500., 501., 523., 533., 534., 505., 501., 501., 500., 518., 506., 502., 532., 509., 515., 505., 504., 503., 503., 504., 531., 519., 509., 527., 502., 501., 501., 529., 505., 531., 507., 501., 501., 501., 513., 534., 505., 502., 501., 501., 501., 524., 538., 531.}"
"Inception V1 Trained on Places365 Data","c5.large",108,108,0,50,"inception_4e/relu_5x5","inception_4e/relu_5x5","inception_4e/relu_5x5","Elementwise","Elementwise","Elementwise",33.,34.,48.,"{48., 36., 35., 35., 33., 34., 34., 34., 34., 34., 34., 34., 34., 34., 34., 34., 37., 34., 34., 33., 34., 34., 34., 34., 33., 34., 34., 33., 34., 34., 34., 33., 34., 34., 34., 33., 34., 33., 33., 33., 34., 36., 34., 34., 35., 34., 34., 34., 34., 34.}"
"Inception V1 Trained on Places365 Data","c5.large",109,109,0,50,"inception_4e/pool","inception_4e/pool","inception_4e/pool","Pooling","Pooling","Pooling",826.,836.5333,880.,"{847., 841., 852., 829., 827., 845., 880., 832., 827., 827., 826., 850., 831., 838., 830., 845., 855., 841., 848., 833., 828., 862., 834., 831., 839., 852., 832., 829., 828., 838., 867., 833., 831., 829., 828., 850., 842., 830., 829., 847., 832., 840., 847., 833., 851., 831., 830., 829., 837., 850.}"
"Inception V1 Trained on Places365 Data","c5.large",110,110,0,50,"inception_4e/pool_proj","inception_4e/pool_proj","inception_4e/pool_proj","Convolution","Convolution","Convolution",234.,236.3,310.,"{310., 242., 239., 237., 236., 236., 234., 235., 272., 241., 236., 236., 235., 246., 236., 235., 236., 235., 235., 235., 235., 235., 235., 235., 262., 240., 237., 236., 236., 238., 241., 236., 265., 242., 237., 235., 236., 236., 235., 235., 265., 239., 236., 236., 235., 236., 236., 236., 235., 236.}"
"Inception V1 Trained on Places365 Data","c5.large",111,111,0,50,"inception_4e/relu_pool_proj","inception_4e/relu_pool_proj","inception_4e/relu_pool_proj","Elementwise","Elementwise","Elementwise",34.,35.7667,55.,"{49., 38., 34., 35., 36., 34., 34., 34., 34., 35., 34., 34., 34., 35., 34., 34., 34., 35., 35., 34., 34., 34., 34., 51., 40., 37., 36., 36., 37., 36., 37., 36., 36., 37., 49., 38., 36., 36., 36., 55., 41., 37., 37., 36., 36., 37., 37., 37., 37., 36.}"
"Inception V1 Trained on Places365 Data","c5.large",112,112,0,50,"inception_4e/output","inception_4e/output","inception_4e/output","Catenate","Catenate","Catenate",82.,85.7,120.,"{120., 101., 91., 89., 89., 105., 92., 89., 87., 86., 87., 88., 87., 88., 87., 88., 87., 87., 87., 88., 87., 87., 111., 89., 85., 84., 85., 84., 83., 85., 84., 83., 84., 85., 85., 84., 85., 82., 83., 83., 84., 84., 83., 84., 84., 83., 83., 84., 84., 84.}"
"Inception V1 Trained on Places365 Data","c5.large",113,113,0,50,"pool4_3x3_s2_pad","pool4_3x3_s2_pad","pool4_3x3_s2_pad","Padding","Padding","Padding",321.,323.6333,369.,"{350., 331., 328., 323., 323., 335., 324., 323., 322., 322., 322., 323., 358., 369., 326., 322., 323., 323., 339., 326., 322., 348., 325., 322., 321., 352., 325., 323., 322., 321., 322., 321., 321., 322., 321., 331., 322., 344., 324., 322., 322., 322., 322., 322., 321., 322., 322., 321., 333., 353.}"
"Inception V1 Trained on Places365 Data","c5.large",114,114,0,50,"pool4_3x3_s2","pool4_3x3_s2","pool4_3x3_s2","Pooling","Pooling","Pooling",352.,354.86670000000004,383.,"{376., 377., 358., 365., 356., 353., 376., 355., 353., 376., 357., 372., 356., 354., 353., 353., 353., 353., 362., 354., 381., 355., 353., 353., 354., 353., 352., 352., 353., 354., 354., 383., 357., 375., 357., 354., 353., 352., 352., 353., 353., 353., 375., 355., 354., 363., 354., 353., 353., 352.}"
"Inception V1 Trained on Places365 Data","c5.large",115,115,0,50,"inception_5a/1x1","inception_5a/1x1","inception_5a/1x1","Convolution","Convolution","Convolution",313.,316.23330000000004,393.,"{393., 334., 316., 339., 319., 315., 314., 314., 313., 313., 313., 314., 313., 313., 314., 314., 354., 319., 341., 318., 314., 314., 313., 314., 313., 326., 316., 314., 340., 317., 315., 322., 315., 316., 314., 313., 313., 314., 314., 314., 349., 321., 318., 318., 317., 317., 330., 322., 318., 336.}"
"Inception V1 Trained on Places365 Data","c5.large",116,116,0,50,"inception_5a/relu_1x1","inception_5a/relu_1x1","inception_5a/relu_1x1","Elementwise","Elementwise","Elementwise",25.,34.3333,51.,"{49., 37., 35., 35., 34., 34., 34., 34., 35., 34., 34., 34., 34., 35., 35., 35., 35., 35., 34., 34., 34., 34., 34., 34., 34., 34., 34., 34., 34., 34., 34., 34., 34., 35., 34., 34., 35., 35., 35., 35., 34., 36., 35., 35., 35., 34., 34., 51., 34., 25.}"
"Inception V1 Trained on Places365 Data","c5.large",117,117,0,50,"inception_5a/3x3_reduce","inception_5a/3x3_reduce","inception_5a/3x3_reduce","Convolution","Convolution","Convolution",197.,199.60000000000002,294.,"{294., 211., 201., 199., 198., 197., 199., 198., 198., 198., 216., 202., 197., 198., 197., 224., 203., 199., 197., 225., 200., 198., 197., 198., 197., 197., 198., 198., 197., 198., 197., 198., 197., 197., 209., 199., 197., 198., 223., 205., 202., 202., 201., 224., 207., 204., 202., 201., 203., 201.}"
"Inception V1 Trained on Places365 Data","c5.large",118,118,0,50,"inception_5a/relu_3x3_reduce","inception_5a/relu_3x3_reduce","inception_5a/relu_3x3_reduce","Elementwise","Elementwise","Elementwise",23.,23.1,43.,"{43., 26., 24., 24., 23., 24., 23., 23., 24., 23., 23., 23., 24., 23., 23., 24., 23., 23., 23., 23., 23., 23., 24., 24., 23., 23., 23., 23., 23., 23., 23., 23., 23., 23., 23., 23., 23., 24., 23., 24., 23., 23., 23., 24., 23., 23., 23., 23., 23., 23.}"
"Inception V1 Trained on Places365 Data","c5.large",119,119,0,50,"inception_5a/3x3","inception_5a/3x3","inception_5a/3x3","Convolution","Convolution","Convolution",551.,560.0667000000001,652.,"{652., 578., 584., 555., 553., 551., 551., 551., 551., 588., 573., 583., 556., 551., 551., 551., 582., 558., 568., 556., 556., 555., 555., 584., 558., 554., 555., 568., 556., 598., 584., 582., 558., 555., 553., 569., 555., 582., 556., 554., 554., 554., 554., 554., 579., 568., 577., 558., 555., 555.}"
"Inception V1 Trained on Places365 Data","c5.large",120,120,0,50,"inception_5a/relu_3x3","inception_5a/relu_3x3","inception_5a/relu_3x3","Elementwise","Elementwise","Elementwise",24.,24.3,53.,"{44., 28., 25., 25., 24., 24., 24., 24., 24., 25., 24., 24., 25., 36., 32., 25., 24., 24., 24., 25., 24., 25., 24., 24., 25., 24., 25., 24., 24., 24., 24., 24., 25., 24., 24., 24., 25., 24., 24., 24., 24., 24., 24., 24., 53., 28., 25., 25., 24., 24.}"
"Inception V1 Trained on Places365 Data","c5.large",121,121,0,50,"inception_5a/5x5_reduce","inception_5a/5x5_reduce","inception_5a/5x5_reduce","Convolution","Convolution","Convolution",76.,78.36670000000001,133.,"{133., 84., 79., 79., 78., 121., 84., 78., 78., 79., 78., 79., 97., 86., 82., 81., 81., 82., 81., 81., 81., 81., 80., 94., 86., 78., 77., 77., 76., 78., 77., 77., 77., 77., 77., 77., 77., 76., 77., 77., 77., 77., 77., 77., 76., 77., 77., 77., 77., 76.}"
"Inception V1 Trained on Places365 Data","c5.large",122,122,0,50,"inception_5a/relu_5x5_reduce","inception_5a/relu_5x5_reduce","inception_5a/relu_5x5_reduce","Elementwise","Elementwise","Elementwise",21.,22.0667,54.,"{39., 26., 35., 23., 22., 22., 22., 22., 22., 22., 22., 22., 22., 23., 22., 22., 22., 22., 22., 22., 22., 22., 21., 21., 23., 22., 22., 22., 22., 22., 22., 22., 22., 23., 22., 22., 23., 23., 54., 24., 22., 22., 22., 22., 44., 22., 22., 22., 22., 22.}"
"Inception V1 Trained on Places365 Data","c5.large",123,123,0,50,"inception_5a/5x5","inception_5a/5x5","inception_5a/5x5","Convolution","Convolution","Convolution",173.,175.5,242.,"{242., 180., 209., 180., 176., 174., 195., 179., 175., 174., 173., 174., 198., 180., 174., 173., 173., 189., 178., 174., 174., 174., 174., 210., 179., 175., 174., 173., 173., 174., 177., 174., 174., 174., 173., 175., 173., 173., 174., 174., 174., 174., 174., 174., 202., 182., 179., 178., 178., 178.}"
"Inception V1 Trained on Places365 Data","c5.large",124,124,0,50,"inception_5a/relu_5x5","inception_5a/relu_5x5","inception_5a/relu_5x5","Elementwise","Elementwise","Elementwise",22.,23.,45.,"{41., 27., 24., 23., 23., 23., 23., 45., 24., 23., 23., 23., 23., 23., 23., 22., 22., 23., 23., 23., 23., 23., 23., 23., 22., 23., 22., 23., 23., 22., 23., 23., 23., 23., 23., 23., 23., 22., 23., 23., 22., 23., 22., 23., 23., 22., 23., 23., 22., 23.}"
"Inception V1 Trained on Places365 Data","c5.large",125,125,0,50,"inception_5a/pool","inception_5a/pool","inception_5a/pool","Pooling","Pooling","Pooling",309.,310.4667,337.,"{325., 337., 314., 310., 310., 310., 309., 332., 312., 310., 309., 319., 311., 310., 310., 309., 309., 309., 309., 309., 333., 312., 311., 310., 310., 310., 310., 309., 310., 326., 315., 312., 330., 335., 311., 310., 309., 309., 309., 309., 310., 310., 317., 310., 309., 331., 311., 310., 309., 309.}"
"Inception V1 Trained on Places365 Data","c5.large",126,126,0,50,"inception_5a/pool_proj","inception_5a/pool_proj","inception_5a/pool_proj","Convolution","Convolution","Convolution",173.,174.1,239.,"{239., 180., 176., 196., 179., 174., 173., 203., 178., 174., 174., 173., 173., 187., 175., 175., 173., 173., 174., 173., 174., 173., 174., 174., 173., 174., 173., 174., 199., 176., 175., 174., 173., 174., 173., 173., 174., 175., 173., 174., 174., 174., 174., 174., 173., 193., 178., 175., 173., 173.}"
"Inception V1 Trained on Places365 Data","c5.large",127,127,0,50,"inception_5a/relu_pool_proj","inception_5a/relu_pool_proj","inception_5a/relu_pool_proj","Elementwise","Elementwise","Elementwise",22.,23.,63.,"{63., 27., 23., 23., 23., 23., 23., 23., 23., 22., 23., 23., 23., 22., 23., 23., 23., 23., 23., 23., 23., 23., 22., 23., 23., 23., 22., 23., 23., 22., 23., 23., 23., 23., 23., 23., 22., 23., 23., 23., 22., 23., 22., 23., 23., 23., 23., 23., 23., 23.}"
"Inception V1 Trained on Places365 Data","c5.large",128,128,0,50,"inception_5a/output","inception_5a/output","inception_5a/output","Catenate","Catenate","Catenate",45.,46.033300000000004,65.,"{65., 50., 47., 47., 47., 47., 46., 47., 46., 46., 45., 46., 47., 47., 46., 46., 46., 46., 46., 46., 46., 46., 46., 46., 46., 45., 46., 46., 46., 46., 46., 46., 45., 46., 45., 46., 46., 45., 46., 46., 46., 46., 46., 46., 51., 47., 46., 46., 46., 46.}"
"Inception V1 Trained on Places365 Data","c5.large",129,129,0,50,"inception_5b/1x1","inception_5b/1x1","inception_5b/1x1","Convolution","Convolution","Convolution",452.,460.2667,537.,"{537., 469., 454., 454., 453., 455., 460., 482., 457., 453., 475., 457., 453., 477., 458., 453., 484., 455., 465., 454., 452., 453., 453., 474., 486., 462., 459., 458., 458., 458., 458., 469., 461., 483., 477., 462., 457., 457., 458., 470., 459., 484., 461., 459., 458., 461., 458., 457., 458., 483.}"
"Inception V1 Trained on Places365 Data","c5.large",130,130,0,50,"inception_5b/relu_1x1","inception_5b/relu_1x1","inception_5b/relu_1x1","Elementwise","Elementwise","Elementwise",27.,32.,64.,"{46., 36., 33., 27., 32., 32., 32., 32., 32., 32., 31., 31., 32., 32., 32., 32., 32., 32., 32., 32., 32., 31., 31., 32., 32., 64., 33., 32., 31., 32., 32., 32., 32., 31., 32., 32., 32., 32., 31., 31., 32., 32., 32., 31., 32., 32., 32., 32., 32., 32.}"
"Inception V1 Trained on Places365 Data","c5.large",131,131,0,50,"inception_5b/3x3_reduce","inception_5b/3x3_reduce","inception_5b/3x3_reduce","Convolution","Convolution","Convolution",242.,244.3,301.,"{301., 248., 244., 243., 243., 243., 242., 243., 243., 242., 243., 242., 273., 246., 243., 242., 242., 242., 280., 249., 245., 242., 243., 270., 249., 243., 243., 278., 246., 244., 242., 243., 255., 244., 242., 243., 243., 243., 244., 243., 243., 242., 242., 271., 250., 248., 248., 248., 247., 247.}"
"Inception V1 Trained on Places365 Data","c5.large",132,132,0,50,"inception_5b/relu_3x3_reduce","inception_5b/relu_3x3_reduce","inception_5b/relu_3x3_reduce","Elementwise","Elementwise","Elementwise",23.,23.5333,42.,"{42., 28., 25., 23., 24., 24., 24., 23., 23., 24., 24., 23., 24., 23., 24., 23., 23., 24., 23., 24., 23., 24., 23., 24., 23., 23., 23., 23., 24., 24., 23., 24., 23., 23., 24., 23., 24., 24., 24., 23., 23., 24., 24., 23., 24., 23., 24., 23., 24., 23.}"
"Inception V1 Trained on Places365 Data","c5.large",133,133,0,50,"inception_5b/3x3","inception_5b/3x3","inception_5b/3x3","Convolution","Convolution","Convolution",749.,759.2667,853.,"{853., 766., 784., 754., 751., 752., 750., 802., 776., 763., 751., 765., 793., 754., 750., 750., 749., 779., 752., 749., 763., 752., 787., 780., 767., 752., 751., 749., 785., 757., 756., 754., 754., 790., 752., 771., 752., 762., 787., 757., 755., 755., 755., 784., 751., 750., 762., 750., 816., 759.}"
"Inception V1 Trained on Places365 Data","c5.large",134,134,0,50,"inception_5b/relu_3x3","inception_5b/relu_3x3","inception_5b/relu_3x3","Elementwise","Elementwise","Elementwise",31.,31.8667,62.,"{62., 35., 33., 33., 33., 32., 32., 32., 32., 31., 32., 32., 32., 33., 32., 31., 32., 32., 32., 32., 32., 32., 32., 32., 32., 32., 32., 31., 31., 31., 31., 60., 33., 32., 32., 32., 32., 31., 31., 31., 32., 32., 31., 31., 31., 32., 32., 32., 31., 31.}"
"Inception V1 Trained on Places365 Data","c5.large",135,135,0,50,"inception_5b/5x5_reduce","inception_5b/5x5_reduce","inception_5b/5x5_reduce","Convolution","Convolution","Convolution",89.,90.2,149.,"{149., 108., 93., 91., 90., 90., 90., 91., 90., 102., 96., 91., 91., 115., 96., 91., 89., 90., 118., 91., 89., 90., 90., 90., 90., 90., 90., 89., 89., 89., 100., 91., 90., 89., 90., 90., 90., 89., 90., 89., 89., 90., 90., 89., 90., 91., 90., 89., 90., 90.}"
"Inception V1 Trained on Places365 Data","c5.large",136,136,0,50,"inception_5b/relu_5x5_reduce","inception_5b/relu_5x5_reduce","inception_5b/relu_5x5_reduce","Elementwise","Elementwise","Elementwise",22.,22.3333,40.,"{40., 26., 23., 22., 22., 23., 22., 22., 23., 22., 23., 22., 23., 22., 23., 22., 23., 22., 22., 23., 22., 22., 23., 22., 22., 23., 23., 23., 22., 22., 22., 23., 22., 23., 22., 22., 22., 23., 22., 22., 22., 23., 31., 22., 22., 22., 23., 22., 22., 22.}"
"Inception V1 Trained on Places365 Data","c5.large",137,137,0,50,"inception_5b/5x5","inception_5b/5x5","inception_5b/5x5","Convolution","Convolution","Convolution",242.,246.13330000000002,318.,"{318., 256., 275., 297., 248., 244., 243., 243., 253., 243., 242., 243., 242., 242., 242., 242., 242., 242., 242., 253., 247., 246., 245., 244., 246., 246., 246., 245., 246., 248., 246., 246., 246., 246., 271., 248., 256., 247., 246., 245., 245., 265., 250., 246., 245., 245., 255., 247., 246., 273.}"
"Inception V1 Trained on Places365 Data","c5.large",138,138,0,50,"inception_5b/relu_5x5","inception_5b/relu_5x5","inception_5b/relu_5x5","Elementwise","Elementwise","Elementwise",22.,25.8,53.,"{46., 30., 27., 27., 26., 27., 26., 27., 26., 26., 26., 26., 26., 27., 48., 30., 26., 26., 27., 26., 26., 26., 27., 26., 27., 27., 27., 26., 27., 53., 29., 26., 27., 26., 26., 23., 23., 24., 23., 23., 23., 23., 23., 23., 23., 23., 23., 23., 23., 22.}"
"Inception V1 Trained on Places365 Data","c5.large",139,139,0,50,"inception_5b/pool","inception_5b/pool","inception_5b/pool","Pooling","Pooling","Pooling",310.,313.1,345.,"{328., 315., 314., 313., 312., 313., 312., 312., 313., 312., 336., 328., 314., 328., 314., 329., 315., 312., 312., 312., 318., 312., 332., 312., 310., 311., 310., 310., 326., 314., 312., 312., 312., 312., 332., 314., 312., 312., 311., 312., 311., 312., 322., 314., 312., 313., 311., 345., 317., 312.}"
"Inception V1 Trained on Places365 Data","c5.large",140,140,0,50,"inception_5b/pool_proj","inception_5b/pool_proj","inception_5b/pool_proj","Convolution","Convolution","Convolution",177.,179.0333,239.,"{239., 187., 183., 181., 180., 181., 180., 180., 181., 180., 212., 182., 179., 178., 191., 183., 177., 177., 178., 178., 177., 196., 184., 179., 178., 178., 177., 189., 180., 177., 178., 203., 181., 179., 178., 178., 178., 178., 178., 178., 178., 178., 178., 178., 178., 178., 177., 178., 178., 180.}"
"Inception V1 Trained on Places365 Data","c5.large",141,141,0,50,"inception_5b/relu_pool_proj","inception_5b/relu_pool_proj","inception_5b/relu_pool_proj","Elementwise","Elementwise","Elementwise",22.,24.0667,47.,"{45., 29., 27., 26., 26., 26., 26., 27., 27., 27., 27., 26., 26., 26., 26., 47., 28., 26., 35., 28., 24., 23., 23., 23., 23., 23., 23., 23., 23., 23., 23., 23., 23., 23., 23., 23., 23., 23., 23., 23., 23., 22., 23., 23., 23., 23., 23., 23., 23., 22.}"
"Inception V1 Trained on Places365 Data","c5.large",142,147,5,50,"inception_5b/output","prob","inception_5b/output-pool5_7x7_s1-pool5_drop_7x7_s1-flatten_0-loss3_classifier-prob","Catenate","Softmax","Catenate-Pooling-Dropout-Flatten-Linear-Softmax",204.,206.4,420.,"{364., 236., 215., 210., 206., 206., 204., 206., 206., 205., 205., 420., 215., 207., 207., 206., 205., 229., 209., 207., 205., 205., 205., 204., 205., 205., 205., 204., 204., 204., 205., 223., 216., 210., 205., 206., 236., 229., 209., 206., 205., 215., 205., 205., 205., 205., 206., 204., 204., 204.}"
