"model_name","layer_name","layer_index","kind","min_time","mean_time","max_time","add_flops","div_flops","cmp_flops","exp_flops","mad_flops","input_channel","input_height","input_width","output_channel","output_height","output_width","function","kernel_1","kernel_2","stride_1","stride_2","dilation_1","dilation_2","input_form","topology_hash","mad/min_time","mad/mean_time","mad/max_time","time"
"Unguided Volumetric Regression Net for 3D Face Reconstruction","8/2/1/1/3/1/1/1",61,"BatchNormalization",0.0004,0.0004049,0.001962,589824,589824,0,0,0,256,48,48,256,48,48,"","","","","","","","HoldForm[BatchNormalizationLayer[""Momentum"" -> 0.1, ""Epsilon"" -> 0.00001, ""Input"" -> {256, 48, 48}]]","0yiwnx2cwqd0y",0.,0.,0.,"{0.001962, 0.00042, 0.000411, 0.000404, 0.000447, 0.000416, 0.000403, 0.0004, 0.000401, 0.000402, 0.000425, 0.000408, 0.000402, 0.0004, 0.000438, 0.000412, 0.000401, 0.000401, 0.000402, 0.000405, 0.000406, 0.000402, 0.000404, 0.0004, 0.000433, 0.000409, 0.000401, 0.000402, 0.000401, 0.000408, 0.000408, 0.000403, 0.0004, 0.000401, 0.000433, 0.000414, 0.000407, 0.000402, 0.0004, 0.0004, 0.0004, 0.0004, 0.0004, 0.000416, 0.000421, 0.000403, 0.000401, 0.000402, 0.000401, 0.0004, 0.0004, 0.000401, 0.0004, 0.000436, 0.000412, 0.000401, 0.000402, 0.0004, 0.000401, 0.000401, 0.000406, 0.000413, 0.000407, 0.000433, 0.00041, 0.000403, 0.000403, 0.000403, 0.000406, 0.000407, 0.000402, 0.000403, 0.000403, 0.000433, 0.000413, 0.000401, 0.000402, 0.000401, 0.000408, 0.000409, 0.000401, 0.000401, 0.000401, 0.000446, 0.000414, 0.000469, 0.000413, 0.000406, 0.000405, 0.000404, 0.000404, 0.000407, 0.000435, 0.000417, 0.00041, 0.000408, 0.000406, 0.000406, 0.000406, 0.000405}"
