"model_name","layer_name","layer_index","kind","min_time","mean_time","max_time","add_flops","div_flops","cmp_flops","exp_flops","mad_flops","input_channel","input_height","input_width","output_channel","output_height","output_width","function","kernel_1","kernel_2","stride_1","stride_2","dilation_1","dilation_2","input_form","topology_hash","mad/min_time","mad/mean_time","mad/max_time","time"
"Single-Image Depth Perception Net Trained on Depth in the Wild Data","4/1/1/4/1/1/4/1/2/4/1/1/1/4/5",202,"BatchNormalization",0.000092,0.00009679999999999998,0.000384,76800,76800,0,0,0,64,30,40,64,30,40,"","","","","","","","HoldForm[BatchNormalizationLayer[""Momentum"" -> 0.1, ""Epsilon"" -> 0.00001, ""Input"" -> {64, 30, 40}]]","0nlntm27olfpb",0.,0.,0.,"{0.000384, 0.00011, 0.0001, 0.000096, 0.000095, 0.000094, 0.000094, 0.000094, 0.000094, 0.000093, 0.000094, 0.000094, 0.000093, 0.000093, 0.000094, 0.000093, 0.000093, 0.000093, 0.000092, 0.000093, 0.000093, 0.000092, 0.000093, 0.000094, 0.000093, 0.000093, 0.000094, 0.000092, 0.000094, 0.000093, 0.000092, 0.000093, 0.000093, 0.000093, 0.000109, 0.0001, 0.000098, 0.000097, 0.000097, 0.000097, 0.000097, 0.000097, 0.000097, 0.000097, 0.000097, 0.000098, 0.000097, 0.000098, 0.000097, 0.000097, 0.000097, 0.000097, 0.000097, 0.000097, 0.000097, 0.000097, 0.000097, 0.000097, 0.000097, 0.000096, 0.000096, 0.000097, 0.000096, 0.000097, 0.000097, 0.000097, 0.000097, 0.000097, 0.000098, 0.000097, 0.000097, 0.000097, 0.000097, 0.000121, 0.0001, 0.000095, 0.000094, 0.000094, 0.000093, 0.000154, 0.000112, 0.000104, 0.000103, 0.000102, 0.000102, 0.000102, 0.000101, 0.000102, 0.000101, 0.000102, 0.0001, 0.000102, 0.000102, 0.000101, 0.000101, 0.000101, 0.000101, 0.000102, 0.000101, 0.000101}"
