"model_name","layer_name","layer_index","kind","min_time","mean_time","max_time","add_flops","div_flops","cmp_flops","exp_flops","mad_flops","input_channel","input_height","input_width","output_channel","output_height","output_width","function","kernel_1","kernel_2","stride_1","stride_2","dilation_1","dilation_2","input_form","topology_hash","mad/min_time","mad/mean_time","mad/max_time","time"
"Single-Image Depth Perception Net Trained on NYU Depth V2 Data","4/1/1/4/1/1/4/1/1/2/3/5",129,"BatchNormalization",0.000223,0.00023041666666666677,0.001075,307200,307200,0,0,0,64,60,80,64,60,80,"","","","","","","","HoldForm[BatchNormalizationLayer[""Momentum"" -> 0.1, ""Epsilon"" -> 0.00001, ""Input"" -> {64, 60, 80}]]","0z4ebeiqg3j90",0.,0.,0.,"{0.001075, 0.000241, 0.000229, 0.000225, 0.000227, 0.000225, 0.000224, 0.000224, 0.000225, 0.000223, 0.000224, 0.000255, 0.000234, 0.000249, 0.00025, 0.00023, 0.000224, 0.000226, 0.000225, 0.000224, 0.000224, 0.000224, 0.000225, 0.000224, 0.000225, 0.000225, 0.000224, 0.000225, 0.000259, 0.000235, 0.000225, 0.000225, 0.000227, 0.000224, 0.000226, 0.000225, 0.000225, 0.000232, 0.00023, 0.000225, 0.000225, 0.000225, 0.000224, 0.000226, 0.000228, 0.000224, 0.000253, 0.000238, 0.000229, 0.000229, 0.000228, 0.000227, 0.000229, 0.000228, 0.000229, 0.000228, 0.000229, 0.000234, 0.000238, 0.000233, 0.000229, 0.000228, 0.000229, 0.000241, 0.000243, 0.000235, 0.000233, 0.000234, 0.000233, 0.000234, 0.000234, 0.000235, 0.000234, 0.000234, 0.000233, 0.000233, 0.000238, 0.000238, 0.000235, 0.000235, 0.000239, 0.000238, 0.000233, 0.000233, 0.000233, 0.000232, 0.000233, 0.000232, 0.000234, 0.000233, 0.000232, 0.000233, 0.000233, 0.000232, 0.000233, 0.000233, 0.000235, 0.00024, 0.000237, 0.000235}"
