"model_name","layer_name","layer_index","kind","min_time","mean_time","max_time","add_flops","div_flops","cmp_flops","exp_flops","mad_flops","input_channel","input_height","input_width","output_channel","output_height","output_width","function","kernel_1","kernel_2","stride_1","stride_2","dilation_1","dilation_2","input_form","topology_hash","mad/min_time","mad/mean_time","mad/max_time","time"
"ResNet-101 Trained on YFCC100m Geotagged Data","stage3_unit11/bn2",182,"BatchNormalization",0.000084,0.00008623333333333339,0.000369,50176,50176,0,0,0,256,14,14,256,14,14,"","","","","","","","HoldForm[BatchNormalizationLayer[""Epsilon"" -> 0.00002, ""Input"" -> {256, 14, 14}]]","12x7nmrxo5mfz",0.,0.,0.,"{0.000369, 0.000101, 0.000093, 0.000088, 0.000087, 0.000087, 0.000087, 0.000086, 0.000087, 0.000086, 0.000086, 0.000086, 0.000086, 0.000086, 0.000086, 0.000085, 0.000086, 0.000086, 0.000086, 0.000086, 0.000086, 0.000086, 0.000087, 0.000086, 0.000085, 0.000086, 0.000085, 0.000086, 0.000086, 0.000086, 0.000086, 0.000085, 0.000086, 0.000086, 0.000109, 0.000089, 0.000087, 0.000087, 0.000086, 0.000086, 0.000086, 0.000086, 0.000085, 0.000122, 0.000093, 0.000087, 0.000086, 0.000086, 0.000086, 0.000086, 0.000086, 0.000085, 0.000085, 0.000085, 0.000086, 0.000086, 0.000085, 0.000097, 0.000098, 0.000087, 0.000086, 0.000086, 0.000086, 0.000086, 0.000086, 0.000087, 0.000087, 0.000086, 0.000086, 0.000086, 0.000085, 0.000086, 0.000086, 0.000085, 0.000085, 0.000086, 0.000086, 0.000086, 0.000086, 0.000112, 0.00009, 0.000086, 0.000087, 0.000086, 0.000088, 0.000097, 0.000084, 0.000116, 0.000091, 0.000086, 0.000086, 0.000086, 0.000085, 0.000084, 0.000095, 0.000087, 0.000087, 0.000087, 0.000087, 0.000087}"
