"model_name","layer_name","layer_index","kind","min_time","mean_time","max_time","add_flops","div_flops","cmp_flops","exp_flops","mad_flops","input_channel","input_height","input_width","output_channel","output_height","output_width","function","kernel_1","kernel_2","stride_1","stride_2","dilation_1","dilation_2","input_form","topology_hash","mad/min_time","mad/mean_time","mad/max_time","time"
"ResNet-101 Trained on YFCC100m Geotagged Data","stage3_unit6/bn2",132,"BatchNormalization",0.000079,0.00008084999999999999,0.000386,50176,50176,0,0,0,256,14,14,256,14,14,"","","","","","","","HoldForm[BatchNormalizationLayer[""Epsilon"" -> 0.00002, ""Input"" -> {256, 14, 14}]]","12x7nmrxo5mfz",0.,0.,0.,"{0.000386, 0.000091, 0.000084, 0.000082, 0.000082, 0.000081, 0.000082, 0.000081, 0.000081, 0.00008, 0.00008, 0.000079, 0.00008, 0.000081, 0.000081, 0.000092, 0.000083, 0.000082, 0.000082, 0.000082, 0.000083, 0.000081, 0.000083, 0.000081, 0.000081, 0.000081, 0.000081, 0.000083, 0.000091, 0.000079, 0.000079, 0.00008, 0.000079, 0.000095, 0.000099, 0.000082, 0.000083, 0.000082, 0.000099, 0.000086, 0.000081, 0.000081, 0.00008, 0.00008, 0.00008, 0.00008, 0.00008, 0.00008, 0.000079, 0.00008, 0.000079, 0.000079, 0.000079, 0.00008, 0.00008, 0.00008, 0.00008, 0.00008, 0.00008, 0.00008, 0.00008, 0.000082, 0.00008, 0.00008, 0.000079, 0.000079, 0.000079, 0.00008, 0.000079, 0.00008, 0.00008, 0.000079, 0.00008, 0.00008, 0.00008, 0.00008, 0.000081, 0.000079, 0.00008, 0.00008, 0.000081, 0.000079, 0.00008, 0.000092, 0.000082, 0.000081, 0.000111, 0.000085, 0.000083, 0.000082, 0.000082, 0.000081, 0.000082, 0.000082, 0.000083, 0.000095, 0.000085, 0.000082, 0.000081, 0.000081}"
