"model_name","layer_name","layer_index","kind","min_time","mean_time","max_time","add_flops","div_flops","cmp_flops","exp_flops","mad_flops","input_channel","input_height","input_width","output_channel","output_height","output_width","function","kernel_1","kernel_2","stride_1","stride_2","dilation_1","dilation_2","input_form","topology_hash","mad/min_time","mad/mean_time","mad/max_time","time"
"ResNet-101 Trained on Augmented CASIA-WebFace Data","4a/res4a_branch2c",88,"Convolution",0.001317,0.0013358000000000003,0.005049,0,0,0,0,51380224,256,14,14,1024,14,14,"",1,1,1,1,1,1,"HoldForm[ConvolutionLayer[1024, {1, 1}, ""Stride"" -> {1, 1}, ""PaddingSize"" -> {{0, 0}, {0, 0}}, ""Dilation"" -> {1, 1}, ""Input"" -> {256, 14, 14}]]","05922ucprscvp",3.901307820804859e10,3.846400958227279e10,1.0176316894434542e10,"{0.005049, 0.001373, 0.001328, 0.001361, 0.001331, 0.001326, 0.001343, 0.001378, 0.001329, 0.001343, 0.001331, 0.001319, 0.001345, 0.001331, 0.001343, 0.00135, 0.001332, 0.001322, 0.00135, 0.001333, 0.001359, 0.00136, 0.00135, 0.001333, 0.001356, 0.001331, 0.001321, 0.00134, 0.001339, 0.001328, 0.001346, 0.001329, 0.00132, 0.001346, 0.001331, 0.001321, 0.001341, 0.001352, 0.001368, 0.001343, 0.00134, 0.001317, 0.001342, 0.001326, 0.001386, 0.001349, 0.001327, 0.00132, 0.00134, 0.001325, 0.001332, 0.001355, 0.001336, 0.001333, 0.001356, 0.001337, 0.001321, 0.001397, 0.001333, 0.001433, 0.001348, 0.001336, 0.001327, 0.001384, 0.001328, 0.001323, 0.001338, 0.001351, 0.001331, 0.00132, 0.001326, 0.001322, 0.001337, 0.001326, 0.00132, 0.00134, 0.001326, 0.001319, 0.00133, 0.001327, 0.001319, 0.001335, 0.001352, 0.001328, 0.001325, 0.001328, 0.001322, 0.001333, 0.001361, 0.001324, 0.001346, 0.00133, 0.001321, 0.001366, 0.001324, 0.001399, 0.001328, 0.00135, 0.001357, 0.001332}"
