"model_name","layer_name","layer_index","kind","min_time","mean_time","max_time","add_flops","div_flops","cmp_flops","exp_flops","mad_flops","input_channel","input_height","input_width","output_channel","output_height","output_width","function","kernel_1","kernel_2","stride_1","stride_2","dilation_1","dilation_2","input_form","topology_hash","mad/min_time","mad/mean_time","mad/max_time","time"
"AdaIN-Style Trained on MS-COCO and Painter by Numbers Data","encoder_style/25",55,"Convolution",0.338807,0.33990129999999996,0.42826,0,0,0,0,9663676416,256,130,130,256,128,128,"",3,3,1,1,1,1,"HoldForm[ConvolutionLayer[256, {3, 3}, ""Stride"" -> {1, 1}, ""PaddingSize"" -> {{0, 0}, {0, 0}}, ""Dilation"" -> {1, 1}, ""Input"" -> {256, 130, 130}]]","0qxgug5uaz5td",2.8522658669980255e10,2.8430830997115932e10,2.25649755195442e10,"{0.42826, 0.340183, 0.340049, 0.340103, 0.339737, 0.339236, 0.339314, 0.339611, 0.339209, 0.339109, 0.339626, 0.338807, 0.340339, 0.340146, 0.339826, 0.339797, 0.340065, 0.339487, 0.339922, 0.339756, 0.339637, 0.339463, 0.339355, 0.339668, 0.340127, 0.339732, 0.339785, 0.339869, 0.339861, 0.339403, 0.339957, 0.339117, 0.339395, 0.339846, 0.339767, 0.339478, 0.339747, 0.339938, 0.339965, 0.339834, 0.33977, 0.33977, 0.340154, 0.339735, 0.339701, 0.340655, 0.340569, 0.340434, 0.339977, 0.340097, 0.340226, 0.339452, 0.339352, 0.339443, 0.33954, 0.339428, 0.339708, 0.340184, 0.340177, 0.33994, 0.340161, 0.339531, 0.341025, 0.340306, 0.339705, 0.339804, 0.339628, 0.339658, 0.339874, 0.340235, 0.339781, 0.340249, 0.340527, 0.340203, 0.340472, 0.340391, 0.340091, 0.340418, 0.340304, 0.340404, 0.339849, 0.339982, 0.339991, 0.339932, 0.340082, 0.339892, 0.339863, 0.339859, 0.340318, 0.339832, 0.340103, 0.340035, 0.339711, 0.339906, 0.340354, 0.340209, 0.339567, 0.340203, 0.339852, 0.340128}"
