"model_name","layer_name","layer_index","kind","min_time","mean_time","max_time","add_flops","div_flops","cmp_flops","exp_flops","mad_flops","input_channel","input_height","input_width","output_channel","output_height","output_width","function","kernel_1","kernel_2","stride_1","stride_2","dilation_1","dilation_2","input_form","topology_hash","mad/min_time","mad/mean_time","mad/max_time","time"
"AdaIN-Style Trained on MS-COCO and Painter by Numbers Data","encoder_style/2",32,"Convolution",0.047593,0.05543394999999999,0.084344,0,0,0,0,452984832,3,514,514,64,512,512,"",3,3,1,1,1,1,"HoldForm[ConvolutionLayer[64, {3, 3}, ""Stride"" -> {1, 1}, ""PaddingSize"" -> {{0, 0}, {0, 0}}, ""Dilation"" -> {1, 1}, ""Input"" -> {3, 514, 514}]]","0nblqiwme08kz",9.517887756602861e9,8.171613821493869e9,5.370682348477662e9,"{0.084344, 0.05678, 0.056634, 0.056783, 0.056767, 0.057151, 0.057346, 0.056651, 0.056698, 0.056644, 0.0532, 0.050708, 0.050506, 0.050516, 0.054248, 0.056679, 0.057107, 0.057044, 0.057843, 0.05693, 0.05672, 0.056689, 0.056665, 0.056586, 0.056648, 0.0566, 0.05662, 0.056617, 0.056658, 0.056644, 0.056668, 0.056624, 0.056753, 0.056984, 0.057068, 0.056932, 0.056553, 0.056492, 0.056619, 0.056672, 0.056598, 0.056779, 0.056707, 0.056681, 0.056675, 0.056628, 0.056711, 0.056751, 0.051838, 0.05052, 0.050646, 0.052471, 0.056867, 0.056609, 0.056914, 0.056575, 0.056662, 0.05668, 0.056649, 0.056731, 0.056724, 0.056627, 0.056609, 0.056673, 0.056768, 0.05667, 0.056762, 0.056643, 0.056928, 0.056726, 0.056639, 0.056659, 0.056592, 0.056639, 0.056597, 0.05662, 0.054351, 0.04767, 0.047661, 0.048297, 0.048413, 0.047702, 0.047648, 0.047713, 0.047867, 0.047684, 0.047625, 0.047692, 0.047632, 0.047663, 0.047644, 0.047694, 0.047747, 0.047655, 0.047698, 0.047623, 0.047729, 0.047609, 0.047735, 0.047593}"
