"model_name","layer_name","layer_index","kind","min_time","mean_time","max_time","add_flops","div_flops","cmp_flops","exp_flops","mad_flops","input_channel","input_height","input_width","output_channel","output_height","output_width","function","kernel_1","kernel_2","stride_1","stride_2","dilation_1","dilation_2","input_form","topology_hash","mad/min_time","mad/mean_time","mad/max_time","time"
"Dilated ResNet-22 Trained on Cityscapes Data","convolution0",1,"Convolution",0.433493,0.4354198333333334,0.568615,0,0,0,0,1233125376,3,512,1024,16,512,1024,"",7,7,1,1,1,1,"HoldForm[ConvolutionLayer[16, {7, 7}, ""Stride"" -> {1, 1}, ""PaddingSize"" -> {{3, 3}, {3, 3}}, ""Dilation"" -> {1, 1}, ""Input"" -> {3, 512, 1024}]]","1edm4c001nf5y",2.8446258094133005e9,2.8320376831709166e9,2.168647285069863e9,"{0.568615, 0.436873, 0.435736, 0.435517, 0.436043, 0.437113, 0.435074, 0.435012, 0.435241, 0.43502, 0.434116, 0.434873, 0.4342, 0.43448, 0.433493, 0.434401, 0.434673, 0.434797, 0.436599, 0.435073, 0.435164, 0.435175, 0.434897, 0.435847, 0.437026, 0.435474, 0.438204, 0.434073, 0.435986, 0.435545, 0.435337, 0.434763, 0.435748, 0.436965, 0.436909, 0.435644, 0.435144, 0.43591, 0.436876, 0.435464, 0.43933, 0.435377, 0.43484, 0.43516, 0.434954, 0.435475, 0.435708, 0.436684, 0.43518, 0.435218}"
