"model_name","layer_name","layer_index","kind","min_time","mean_time","max_time","add_flops","div_flops","cmp_flops","exp_flops","mad_flops","input_channel","input_height","input_width","output_channel","output_height","output_width","function","kernel_1","kernel_2","stride_1","stride_2","dilation_1","dilation_2","input_form","topology_hash","mad/min_time","mad/mean_time","mad/max_time","time"
"ResNet-101 Trained on Augmented CASIA-WebFace Data","4b2/res4b2_branch2a_relu",104,"Elementwise",0.000068,0.00007341666666666664,0.000384,0,0,50176,0,50176,256,14,14,256,14,14,"Ramp","","","","","","","HoldForm[ElementwiseLayer[Ramp, ""Input"" -> {256, 14, 14}]]","1j88u7fzs0nsq",7.378823529411765e8,6.834415437003407e8,1.3066666666666666e8,"{0.000384, 0.000087, 0.000075, 0.000071, 0.00007, 0.000069, 0.00007, 0.00007, 0.000069, 0.000069, 0.000069, 0.000069, 0.000069, 0.000069, 0.000069, 0.00007, 0.000069, 0.00007, 0.000078, 0.000099, 0.000076, 0.000085, 0.000073, 0.00007, 0.000069, 0.000069, 0.00007, 0.000069, 0.000069, 0.00007, 0.000069, 0.000069, 0.00007, 0.00007, 0.00007, 0.00007, 0.000068, 0.00007, 0.000068, 0.000069, 0.000069, 0.000069, 0.000069, 0.00007, 0.00007, 0.000086, 0.000077, 0.000076, 0.000076, 0.000076, 0.000076, 0.000075, 0.000106, 0.000082, 0.000077, 0.000076, 0.000075, 0.000076, 0.000075, 0.000074, 0.000074, 0.000074, 0.000074, 0.000074, 0.000074, 0.000075, 0.000075, 0.000075, 0.000076, 0.000076, 0.000076, 0.000075, 0.000075, 0.000076, 0.000075, 0.000075, 0.000075, 0.000074, 0.000075, 0.000075, 0.000075, 0.000075, 0.000075, 0.000075, 0.000076, 0.000075, 0.000075, 0.000074, 0.000075, 0.000075, 0.000076, 0.000075, 0.000074, 0.000074, 0.000076, 0.000075, 0.000074, 0.000074, 0.000075, 0.000075}"
