"model_name","instance_type","start_index","end_index","sequence_length","num_runs","start_name","end_name","sequence_name","start_layer_kind","end_layer_kind","sequence_layer_kind","start_layer_path_time","mean_path_time","end_layer_path_time","raw_path_time"
"CycleGAN Horse-to-Zebra Translation Trained on ImageNet Competition Data","g4dn.xlarge",1,6,5,50,"1","6","1-2-3-4-5-6","Elementwise","Convolution","Elementwise-Padding-Convolution-Normalization-Elementwise-Convolution",133492.,133877.80000000002,160456.,"{160456., 134352., 133743., 133759., 133845., 133670., 134153., 133624., 133518., 134438., 133796., 133976., 133747., 133831., 134191., 133650., 134761., 134797., 134157., 134064., 133847., 134115., 133694., 134306., 134098., 133711., 134108., 133574., 133914., 133706., 133851., 134381., 133617., 133660., 133957., 133605., 134268., 133722., 133925., 134107., 133587., 133795., 133662., 133850., 133938., 133492., 133619., 134168., 133549., 133933.}"
"CycleGAN Horse-to-Zebra Translation Trained on ImageNet Competition Data","g4dn.xlarge",7,12,5,50,"7","12/1/1","7-8-9-10-11-12/1/1","Normalization","Padding","Normalization-Elementwise-Convolution-Normalization-Elementwise-Padding",89761.,89876.1333,90698.,"{90698., 90206., 89907., 89915., 89808., 89900., 89808., 89861., 89860., 89815., 89882., 89818., 90057., 89789., 89771., 89840., 89763., 89841., 89782., 89858., 89815., 89788., 89838., 89932., 89863., 89767., 89783., 89761., 89783., 89804., 89771., 89984., 89933., 89957., 90023., 89914., 89943., 90211., 90180., 90168., 90367., 89988., 90304., 90031., 89876., 90029., 89842., 89871., 89799., 89789.}"
"CycleGAN Horse-to-Zebra Translation Trained on ImageNet Competition Data","g4dn.xlarge",13,18,5,50,"12/1/2","12/1/7","12/1/2-12/1/3-12/1/4-12/1/5-12/1/6-12/1/7","Convolution","Normalization","Convolution-Normalization-Elementwise-Padding-Convolution-Normalization",73498.,73835.03330000001,83469.,"{83469., 74356., 74102., 73684., 74042., 73765., 74001., 74088., 73756., 74025., 76154., 74052., 73662., 73763., 74695., 73803., 74133., 73614., 73739., 73948., 73535., 74101., 73872., 73691., 73874., 73574., 73728., 73790., 73547., 73988., 73738., 73811., 73883., 73621., 74050., 73771., 73683., 73957., 73591., 73777., 73752., 73498., 73854., 73815., 73585., 74296., 73676., 73763., 74061., 73598.}"
"CycleGAN Horse-to-Zebra Translation Trained on ImageNet Competition Data","g4dn.xlarge",19,24,5,50,"12/2","13/1/5","12/2-13/1/1-13/1/2-13/1/3-13/1/4-13/1/5","Total","Padding","Total-Padding-Convolution-Normalization-Elementwise-Padding",38404.,38596.7667,47898.,"{47898., 39042., 38887., 38737., 38647., 38530., 38692., 38537., 38526., 38657., 38731., 38668., 38519., 38507., 38463., 38444., 38650., 38805., 38678., 38526., 38459., 38433., 38637., 38768., 38694., 38681., 38472., 38404., 38504., 38459., 38691., 38663., 38629., 38471., 38505., 38496., 38427., 38693., 38747., 38939., 38745., 38452., 38468., 38472., 38473., 38774., 38691., 38609., 38578., 38547.}"
"CycleGAN Horse-to-Zebra Translation Trained on ImageNet Competition Data","g4dn.xlarge",25,25,0,50,"13/1/6","13/1/6","13/1/6","Convolution","Convolution","Convolution",8315.,8607.3333,9614.,"{9614., 9069., 8736., 8618., 8794., 8807., 8786., 8668., 8497., 8471., 8464., 8646., 8671., 8686., 8574., 8501., 8440., 8477., 8561., 8664., 8688., 8550., 8436., 8422., 8388., 8648., 8629., 8855., 8918., 8647., 8710., 8662., 8586., 8803., 9016., 9087., 8913., 8541., 8443., 8389., 8449., 8630., 8637., 8615., 8315., 8448., 8415., 8386., 8610., 8598.}"
"CycleGAN Horse-to-Zebra Translation Trained on ImageNet Competition Data","g4dn.xlarge",26,26,0,50,"13/1/7","13/1/7","13/1/7","Normalization","Normalization","Normalization",27853.,27925.033300000003,28117.,"{27990., 27960., 27988., 27952., 27955., 27908., 27965., 27995., 27935., 27936., 27853., 27936., 27923., 27938., 27917., 27885., 28117., 27928., 27930., 27904., 27893., 27939., 27928., 27930., 27889., 27894., 27933., 27935., 27929., 27860., 27920., 27928., 27925., 27947., 27865., 27928., 27926., 27924., 27930., 27868., 27923., 27932., 27933., 27905., 27873., 27923., 27926., 27920., 27884., 27898.}"
"CycleGAN Horse-to-Zebra Translation Trained on ImageNet Competition Data","g4dn.xlarge",27,32,5,50,"13/2","14/1/5","13/2-14/1/1-14/1/2-14/1/3-14/1/4-14/1/5","Total","Padding","Total-Padding-Convolution-Normalization-Elementwise-Padding",38519.,38686.3333,47586.,"{47586., 38920., 38823., 38866., 38860., 38838., 38599., 38564., 38564., 38525., 38780., 38813., 38755., 38728., 38539., 38519., 38571., 38587., 38729., 38790., 38719., 38674., 38572., 38590., 38605., 38715., 38974., 38740., 38765., 38694., 38627., 38523., 38531., 38729., 38772., 38785., 38733., 38580., 38520., 38629., 38542., 38815., 38814., 38807., 38601., 38524., 38529., 38521., 38777., 38809.}"
"CycleGAN Horse-to-Zebra Translation Trained on ImageNet Competition Data","g4dn.xlarge",33,33,0,50,"14/1/6","14/1/6","14/1/6","Convolution","Convolution","Convolution",8218.,8404.9667,9752.,"{9752., 9237., 8575., 8521., 8455., 8453., 8639., 8622., 8536., 8221., 8337., 8501., 8393., 8545., 8507., 8324., 8358., 8316., 8307., 8542., 8504., 8424., 8286., 8272., 8267., 8531., 8505., 8467., 8218., 8299., 8287., 8453., 8485., 8567., 8227., 8310., 8272., 8352., 8495., 8496., 8325., 8318., 8264., 8271., 8473., 8489., 8397., 8312., 8256., 8260.}"
"CycleGAN Horse-to-Zebra Translation Trained on ImageNet Competition Data","g4dn.xlarge",34,34,0,50,"14/1/7","14/1/7","14/1/7","Normalization","Normalization","Normalization",27852.,27919.7,28103.,"{28016., 27913., 27948., 27952., 27968., 27964., 27879., 27927., 27928., 27921., 27932., 27853., 27921., 27930., 27926., 27916., 27859., 27927., 27919., 27920., 27894., 27884., 27921., 28103., 27922., 27894., 27922., 27928., 27923., 27925., 27876., 27899., 27910., 27910., 27918., 27852., 27912., 27934., 27919., 27923., 27864., 27936., 27924., 27928., 27912., 27876., 27935., 27930., 27921., 27896.}"
"CycleGAN Horse-to-Zebra Translation Trained on ImageNet Competition Data","g4dn.xlarge",35,40,5,50,"14/2","15/1/5","14/2-15/1/1-15/1/2-15/1/3-15/1/4-15/1/5","Total","Padding","Total-Padding-Convolution-Normalization-Elementwise-Padding",38409.,38624.8333,39921.,"{39921., 39105., 38669., 38685., 38639., 38590., 38868., 38734., 38733., 38617., 38533., 38466., 38487., 38538., 38698., 38650., 38701., 38474., 38449., 38409., 38524., 38697., 38756., 38680., 38497., 38535., 38515., 38549., 38769., 38724., 38912., 38580., 38759., 38603., 38539., 38632., 38734., 38831., 38680., 38551., 38535., 38520., 38475., 38753., 38765., 38736., 38578., 38537., 38456., 38544.}"
"CycleGAN Horse-to-Zebra Translation Trained on ImageNet Competition Data","g4dn.xlarge",41,41,0,50,"15/1/6","15/1/6","15/1/6","Convolution","Convolution","Convolution",8315.,8580.,9815.,"{9815., 9178., 8944., 8856., 8686., 8583., 8528., 8603., 8652., 8725., 8733., 8662., 8466., 8428., 8446., 8537., 8692., 8698., 8701., 8396., 8398., 8428., 8576., 8800., 8702., 8784., 8346., 8428., 8430., 8547., 8673., 8677., 8667., 8315., 8410., 8621., 8517., 8631., 8678., 8614., 8353., 8487., 8456., 8526., 8630., 8672., 8495., 8460., 8490., 8416.}"
"CycleGAN Horse-to-Zebra Translation Trained on ImageNet Competition Data","g4dn.xlarge",42,42,0,50,"15/1/7","15/1/7","15/1/7","Normalization","Normalization","Normalization",27747.,27872.7,28099.,"{27968., 27944., 27914., 27934., 27937., 27895., 27828., 27906., 27900., 27897., 27850., 27780., 27873., 27881., 27932., 27868., 27798., 27874., 27873., 27860., 27870., 27832., 27885., 27841., 27849., 27844., 27847., 27872., 28099., 27865., 27747., 27920., 27888., 27910., 27803., 27870., 27924., 27876., 27873., 27840., 27849., 27893., 27852., 27862., 27818., 27877., 27836., 27881., 27920., 27806.}"
"CycleGAN Horse-to-Zebra Translation Trained on ImageNet Competition Data","g4dn.xlarge",43,48,5,50,"15/2","16/1/5","15/2-16/1/1-16/1/2-16/1/3-16/1/4-16/1/5","Total","Padding","Total-Padding-Convolution-Normalization-Elementwise-Padding",38487.,38709.6667,42688.,"{39918., 39021., 38837., 38673., 38589., 38886., 38784., 39008., 38693., 38792., 38513., 38518., 38597., 38856., 38711., 38744., 38623., 38543., 38556., 38542., 38624., 38747., 38747., 38695., 38530., 38524., 38494., 38560., 38810., 38790., 42688., 38895., 38844., 38907., 38849., 38837., 38593., 38487., 38571., 38648., 38785., 38825., 38953., 38608., 38542., 38577., 38620., 38972., 38756., 38761.}"
"CycleGAN Horse-to-Zebra Translation Trained on ImageNet Competition Data","g4dn.xlarge",49,49,0,50,"16/1/6","16/1/6","16/1/6","Convolution","Convolution","Convolution",8228.,8431.2667,9777.,"{9777., 8881., 8717., 8554., 8462., 8594., 8594., 8580., 8345., 8402., 8370., 8333., 8589., 8555., 8508., 8332., 8338., 8271., 8522., 8509., 8548., 8246., 8331., 8264., 8413., 8512., 8533., 8338., 8338., 8272., 8326., 8502., 8540., 8476., 8302., 8283., 8313., 8533., 8502., 8546., 8228., 8253., 8272., 8405., 8499., 8540., 8334., 8271., 8307., 8529.}"
"CycleGAN Horse-to-Zebra Translation Trained on ImageNet Competition Data","g4dn.xlarge",50,50,0,50,"16/1/7","16/1/7","16/1/7","Normalization","Normalization","Normalization",27787.,27882.7,28079.,"{27990., 27832., 27917., 27853., 27915., 27942., 27871., 27891., 27935., 27881., 27893., 27856., 27879., 27864., 27836., 27823., 27887., 27922., 27911., 27902., 27814., 27858., 27913., 27838., 27882., 27851., 27915., 27878., 27906., 27872., 27832., 27894., 27909., 27870., 27834., 28079., 27920., 27850., 27897., 27787., 27920., 27932., 27873., 27877., 27819., 27851., 27914., 27916., 27827., 27868.}"
"CycleGAN Horse-to-Zebra Translation Trained on ImageNet Competition Data","g4dn.xlarge",51,56,5,50,"16/2","17/1/5","16/2-17/1/1-17/1/2-17/1/3-17/1/4-17/1/5","Total","Padding","Total-Padding-Convolution-Normalization-Elementwise-Padding",38352.,38660.9,39972.,"{39972., 38984., 38718., 38632., 38662., 38798., 38754., 38987., 38646., 38481., 38514., 38469., 38620., 38706., 38895., 38653., 38526., 38543., 38467., 38456., 38700., 38829., 38614., 38521., 38470., 38352., 38466., 39137., 39619., 39650., 39476., 39369., 39141., 38972., 38663., 38540., 38556., 38550., 38767., 38739., 38901., 38494., 38555., 38497., 38657., 38622., 38669., 38631., 38646., 38511.}"
"CycleGAN Horse-to-Zebra Translation Trained on ImageNet Competition Data","g4dn.xlarge",57,57,0,50,"17/1/6","17/1/6","17/1/6","Convolution","Convolution","Convolution",8373.,8604.9,9573.,"{9573., 9020., 8793., 8920., 8923., 8947., 8800., 8569., 8741., 8653., 8592., 8768., 9182., 9007., 8770., 8586., 8498., 8418., 8472., 8619., 8633., 8637., 8487., 8542., 8500., 8489., 8672., 8744., 8729., 8560., 8435., 8390., 8391., 8577., 8578., 8656., 8461., 8401., 8376., 8435., 8691., 8675., 8639., 8373., 8451., 8423., 8512., 8609., 8637., 8621.}"
"CycleGAN Horse-to-Zebra Translation Trained on ImageNet Competition Data","g4dn.xlarge",58,58,0,50,"17/1/7","17/1/7","17/1/7","Normalization","Normalization","Normalization",27778.,27881.033300000003,28161.,"{27990., 27986., 27932., 28016., 27833., 27896., 28161., 27919., 27910., 27847., 27824., 27882., 27900., 27841., 27823., 27954., 27904., 27894., 27827., 27828., 27926., 27878., 27852., 27798., 27849., 27872., 27870., 27909., 27848., 27886., 27884., 27906., 27847., 27855., 27902., 27905., 27853., 27876., 27841., 27879., 27899., 27799., 28046., 27867., 27821., 27904., 27897., 27778., 27924., 27927.}"
"CycleGAN Horse-to-Zebra Translation Trained on ImageNet Competition Data","g4dn.xlarge",59,64,5,50,"17/2","18/1/5","17/2-18/1/1-18/1/2-18/1/3-18/1/4-18/1/5","Total","Padding","Total-Padding-Convolution-Normalization-Elementwise-Padding",38505.,38856.3,39894.,"{39894., 39287., 39123., 39203., 39196., 39079., 39178., 39128., 39055., 39084., 38935., 38820., 38761., 39151., 39184., 39075., 39178., 38954., 38846., 39025., 38725., 38753., 38897., 38812., 38964., 38849., 38806., 38848., 38582., 38651., 38564., 38625., 38797., 38893., 38825., 38692., 38602., 38609., 38505., 38672., 38788., 38825., 38816., 38620., 38659., 38748., 38580., 38723., 38765., 38857.}"
"CycleGAN Horse-to-Zebra Translation Trained on ImageNet Competition Data","g4dn.xlarge",65,65,0,50,"18/1/6","18/1/6","18/1/6","Convolution","Convolution","Convolution",8232.,8485.3667,9875.,"{9875., 8871., 8688., 8497., 8505., 8602., 8659., 8630., 8476., 8392., 8401., 8387., 8570., 8549., 8530., 8232., 8375., 8347., 8431., 8582., 8625., 8490., 8368., 8369., 8355., 8534., 8573., 8587., 8267., 8417., 8422., 8415., 8577., 8598., 8493., 8386., 8411., 8411., 8515., 8608., 8573., 8432., 8354., 8361., 8397., 8617., 8590., 8616., 8290., 8420.}"
"CycleGAN Horse-to-Zebra Translation Trained on ImageNet Competition Data","g4dn.xlarge",66,66,0,50,"18/1/7","18/1/7","18/1/7","Normalization","Normalization","Normalization",27771.,27883.1333,28126.,"{27908., 27880., 27918., 27932., 27902., 27897., 27933., 27894., 27856., 27913., 27951., 27955., 27818., 28072., 27863., 27813., 27897., 27855., 27929., 27900., 27889., 27878., 27779., 27866., 27901., 27903., 27855., 27869., 27869., 27896., 27860., 27854., 27842., 27902., 27846., 27883., 27771., 27899., 27872., 27868., 27861., 27879., 27918., 27878., 27867., 27889., 27832., 27854., 27917., 28126.}"
"CycleGAN Horse-to-Zebra Translation Trained on ImageNet Competition Data","g4dn.xlarge",67,72,5,50,"18/2","19/1/5","18/2-19/1/1-19/1/2-19/1/3-19/1/4-19/1/5","Total","Padding","Total-Padding-Convolution-Normalization-Elementwise-Padding",38899.,39362.3333,40218.,"{40218., 39460., 39347., 39298., 39418., 39843., 39411., 39689., 39306., 39693., 39499., 39516., 39291., 39422., 39407., 39672., 39663., 39609., 39593., 39451., 39269., 39370., 39781., 39541., 39355., 39292., 39807., 39498., 39386., 39652., 39452., 39324., 39265., 39254., 39267., 39036., 38955., 39078., 39289., 39141., 39248., 39203., 39080., 38969., 38996., 38899., 38911., 38904., 39164., 39274.}"
"CycleGAN Horse-to-Zebra Translation Trained on ImageNet Competition Data","g4dn.xlarge",73,73,0,50,"19/1/6","19/1/6","19/1/6","Convolution","Convolution","Convolution",8410.,8603.6667,9745.,"{9745., 9214., 8969., 8588., 8600., 8523., 8506., 8728., 8744., 8750., 8612., 8515., 8475., 8438., 8704., 8904., 8805., 8722., 8440., 8632., 8589., 8548., 8740., 8680., 8658., 8422., 8510., 8410., 8453., 8714., 8675., 8710., 8540., 8560., 8430., 8458., 8644., 8687., 8640., 8498., 8486., 8426., 8464., 8676., 8732., 8697., 8581., 8533., 8484., 8598.}"
"CycleGAN Horse-to-Zebra Translation Trained on ImageNet Competition Data","g4dn.xlarge",74,74,0,50,"19/1/7","19/1/7","19/1/7","Normalization","Normalization","Normalization",27807.,27874.333300000002,28044.,"{28000., 27998., 27831., 27983., 27954., 27957., 27879., 27895., 27891., 27950., 27814., 27831., 27832., 27934., 27856., 27887., 27838., 27862., 27924., 28044., 27835., 27815., 27901., 27910., 27908., 27834., 27876., 27898., 27914., 27911., 27815., 27816., 27878., 27871., 27828., 27811., 27878., 27842., 27873., 27906., 27816., 27839., 27854., 27921., 27831., 27900., 27917., 27807., 27883., 27821.}"
"CycleGAN Horse-to-Zebra Translation Trained on ImageNet Competition Data","g4dn.xlarge",75,80,5,50,"19/2","20/1/5","19/2-20/1/1-20/1/2-20/1/3-20/1/4-20/1/5","Total","Padding","Total-Padding-Convolution-Normalization-Elementwise-Padding",38567.,38873.966700000004,39955.,"{39955., 39506., 39399., 39583., 39094., 38979., 38937., 38922., 39209., 39210., 39532., 39178., 38981., 39007., 38922., 38741., 38804., 38704., 38757., 39433., 39142., 39008., 38958., 38831., 38650., 38614., 38707., 38654., 39045., 38947., 38870., 39150., 38982., 38714., 38610., 38688., 38660., 38771., 38866., 38871., 38810., 38583., 38602., 38567., 38603., 38773., 38844., 38684., 38860., 38592.}"
"CycleGAN Horse-to-Zebra Translation Trained on ImageNet Competition Data","g4dn.xlarge",81,81,0,50,"20/1/6","20/1/6","20/1/6","Convolution","Convolution","Convolution",8231.,8445.2333,9559.,"{9559., 8823., 8587., 8752., 8674., 8652., 8474., 8435., 8393., 8356., 8577., 8565., 8584., 8418., 8370., 8298., 8391., 8557., 8678., 8470., 8333., 8281., 8306., 8555., 8520., 8590., 8231., 8284., 8279., 8470., 8492., 8554., 8240., 8350., 8279., 8362., 8501., 8579., 8473., 8267., 8279., 8264., 8496., 8569., 8468., 8244., 8260., 8273., 8480., 8559.}"
"CycleGAN Horse-to-Zebra Translation Trained on ImageNet Competition Data","g4dn.xlarge",82,82,0,50,"20/1/7","20/1/7","20/1/7","Normalization","Normalization","Normalization",27771.,27879.033300000003,28043.,"{27889., 27942., 27887., 27917., 27868., 27821., 27940., 27907., 27879., 27850., 27871., 27920., 27905., 27848., 27872., 27881., 27944., 27928., 27881., 27779., 27921., 27874., 27816., 27922., 27805., 27869., 28043., 27872., 27897., 27824., 27914., 27869., 27866., 27839., 27905., 27815., 27900., 27846., 27771., 27836., 27831., 27910., 27803., 27870., 27921., 27847., 27906., 27826., 27896., 27930.}"
"CycleGAN Horse-to-Zebra Translation Trained on ImageNet Competition Data","g4dn.xlarge",83,88,5,50,"20/2","25","20/2-21-22-23-24-25","Total","Deconvolution","Total-Deconvolution-Part-Normalization-Elementwise-Deconvolution",471513.,472981.0667,484515.,"{484515., 471991., 473292., 473731., 474167., 473338., 473217., 473682., 473336., 473519., 473244., 473433., 473267., 473304., 472850., 472947., 472887., 473521., 473238., 473929., 473422., 473230., 472329., 473198., 472286., 472375., 472475., 473213., 473875., 473556., 477894., 473182., 473106., 473592., 472651., 472995., 472620., 472539., 471903., 472034., 472184., 472403., 471919., 471513., 471782., 471829., 471721., 473352., 471551., 471692.}"
"CycleGAN Horse-to-Zebra Translation Trained on ImageNet Competition Data","g4dn.xlarge",89,94,5,50,"26","31","26-27-28-29-30-31","Part","Elementwise","Part-Normalization-Elementwise-Padding-Convolution-Elementwise",252515.,253110.96670000002,435583.,"{435583., 253425., 253196., 253184., 253315., 253575., 252862., 253401., 253132., 253635., 253031., 252775., 253648., 253488., 253047., 253432., 252915., 253329., 252629., 253049., 253060., 253215., 253377., 252901., 252856., 253338., 252903., 253150., 252910., 253068., 252883., 253325., 253432., 252883., 252515., 252729., 252753., 253150., 252787., 252979., 252881., 253193., 253353., 253527., 252905., 253051., 253057., 253312., 252657., 253118.}"
