"model_name","layer_name","layer_index","kind","min_time","mean_time","max_time","add_flops","div_flops","cmp_flops","exp_flops","mad_flops","input_channel","input_height","input_width","output_channel","output_height","output_width","function","kernel_1","kernel_2","stride_1","stride_2","dilation_1","dilation_2","input_form","topology_hash","mad/min_time","mad/mean_time","mad/max_time","time"
"YOLO V2 Trained on MS-COCO Data","Conv/conv_final_1/2",72,"BatchNormalization",0.000124,0.00012713333333333346,0.000649,173056,173056,0,0,0,1024,13,13,1024,13,13,"","","","","","","","HoldForm[BatchNormalizationLayer[""Epsilon"" -> 1.*^-6, ""Input"" -> {1024, 13, 13}]]","1di52sv24kxyx",0.,0.,0.,"{0.000649, 0.000142, 0.000131, 0.000128, 0.000128, 0.000127, 0.000127, 0.000127, 0.000128, 0.000127, 0.000128, 0.000127, 0.000128, 0.000127, 0.000127, 0.000128, 0.000127, 0.000127, 0.000127, 0.000127, 0.000127, 0.000127, 0.000127, 0.000127, 0.000127, 0.000127, 0.000127, 0.000127, 0.000134, 0.000131, 0.000125, 0.000127, 0.000126, 0.000125, 0.000125, 0.000125, 0.000126, 0.000125, 0.000125, 0.000124, 0.000126, 0.000125, 0.000137, 0.000127, 0.000128, 0.000127, 0.000127, 0.000127, 0.000127, 0.000127, 0.000128, 0.000127, 0.000127, 0.000127, 0.000127, 0.000127, 0.000127, 0.000127, 0.000128, 0.000133, 0.000133, 0.000127, 0.000127, 0.000127, 0.000128, 0.000127, 0.000128, 0.000129, 0.000127, 0.000127, 0.000127, 0.000127, 0.000127, 0.000126, 0.000127, 0.000127, 0.000127, 0.000127, 0.000127, 0.000127, 0.000127, 0.000127, 0.000127, 0.000127, 0.000128, 0.000127, 0.000127, 0.000126, 0.000128, 0.000127, 0.000161, 0.000136, 0.000128, 0.000128, 0.000127, 0.000127, 0.000127, 0.000127, 0.000128, 0.000135}"
