"model_name","layer_name","layer_index","kind","min_time","mean_time","max_time","add_flops","div_flops","cmp_flops","exp_flops","mad_flops","input_channel","input_height","input_width","output_channel","output_height","output_width","function","kernel_1","kernel_2","stride_1","stride_2","dilation_1","dilation_2","input_form","topology_hash","mad/min_time","mad/mean_time","mad/max_time","time"
"Squeeze-and-Excitation Net Trained on ImageNet Competition Data","2c/conv2_3_1x1_increase_bn",55,"BatchNormalization",0.000336,0.0003414999999999999,0.001935,802816,802816,0,0,0,256,56,56,256,56,56,"","","","","","","","HoldForm[BatchNormalizationLayer[""Epsilon"" -> 0.0001, ""Input"" -> {256, 56, 56}]]","0lmb0g68wkpzz",0.,0.,0.,"{0.001935, 0.000348, 0.00034, 0.000338, 0.00036, 0.000347, 0.000346, 0.00034, 0.000339, 0.000337, 0.000338, 0.000337, 0.000339, 0.000337, 0.000338, 0.00034, 0.000337, 0.000367, 0.000343, 0.000337, 0.000338, 0.000337, 0.000338, 0.000336, 0.000338, 0.000337, 0.000337, 0.000336, 0.000337, 0.000362, 0.000344, 0.000337, 0.000337, 0.000344, 0.000347, 0.000341, 0.000337, 0.000337, 0.000337, 0.000337, 0.000338, 0.000362, 0.000347, 0.000341, 0.000343, 0.000341, 0.000341, 0.000343, 0.000343, 0.00034, 0.000341, 0.000341, 0.000363, 0.000347, 0.000341, 0.000341, 0.000341, 0.000341, 0.000342, 0.00034, 0.000342, 0.000342, 0.00034, 0.000349, 0.00037, 0.000347, 0.000341, 0.000341, 0.000341, 0.000342, 0.000341, 0.000344, 0.000345, 0.000343, 0.000342, 0.000364, 0.000348, 0.000341, 0.000341, 0.000341, 0.000341, 0.000341, 0.000342, 0.000341, 0.000341, 0.000341, 0.000341, 0.000364, 0.000348, 0.000341, 0.000342, 0.000342, 0.00035, 0.000349, 0.000343, 0.000342, 0.000341, 0.000342, 0.000366, 0.000348}"
