"model_name","layer_name","layer_index","kind","min_time","mean_time","max_time","add_flops","div_flops","cmp_flops","exp_flops","mad_flops","input_channel","input_height","input_width","output_channel","output_height","output_width","function","kernel_1","kernel_2","stride_1","stride_2","dilation_1","dilation_2","input_form","topology_hash","mad/min_time","mad/mean_time","mad/max_time","time"
"Squeeze-and-Excitation Net Trained on ImageNet Competition Data","4i/conv4_9_1x1_reduce_bn",342,"BatchNormalization",0.000088,0.00008916666666666663,0.000439,100352,100352,0,0,0,512,14,14,512,14,14,"","","","","","","","HoldForm[BatchNormalizationLayer[""Epsilon"" -> 0.0001, ""Input"" -> {512, 14, 14}]]","1gv3vnfgwc9qt",0.,0.,0.,"{0.000439, 0.000099, 0.000091, 0.000109, 0.000091, 0.000089, 0.000089, 0.000089, 0.000089, 0.000089, 0.000088, 0.000094, 0.00012, 0.000091, 0.00009, 0.000089, 0.00009, 0.000089, 0.000089, 0.000089, 0.00009, 0.000089, 0.000089, 0.00009, 0.000089, 0.000089, 0.00009, 0.000089, 0.000089, 0.000089, 0.00009, 0.000089, 0.00009, 0.00009, 0.000088, 0.000089, 0.000089, 0.000089, 0.000089, 0.000088, 0.000089, 0.000089, 0.000089, 0.000089, 0.000089, 0.00009, 0.000089, 0.00009, 0.000089, 0.000089, 0.000088, 0.000089, 0.000089, 0.000089, 0.000089, 0.000124, 0.000099, 0.00009, 0.00009, 0.000089, 0.00009, 0.00009, 0.000089, 0.000089, 0.000089, 0.00009, 0.000089, 0.000089, 0.000089, 0.000089, 0.000089, 0.000089, 0.00009, 0.000089, 0.000089, 0.000089, 0.000089, 0.000089, 0.000089, 0.000089, 0.000089, 0.000089, 0.000089, 0.000089, 0.000089, 0.000089, 0.000089, 0.000089, 0.000089, 0.000089, 0.00009, 0.000089, 0.000089, 0.000089, 0.00009, 0.000089, 0.000089, 0.000089, 0.000114, 0.000106}"
