"model_name","layer_name","layer_index","kind","min_time","mean_time","max_time","add_flops","div_flops","cmp_flops","exp_flops","mad_flops","input_channel","input_height","input_width","output_channel","output_height","output_width","function","kernel_1","kernel_2","stride_1","stride_2","dilation_1","dilation_2","input_form","topology_hash","mad/min_time","mad/mean_time","mad/max_time","time"
"CREPE Pitch Detection Net Trained on Monophonic Signal Data","Net/17",17,"Convolution",0.0011,0.0011479333333333334,0.006484,0,0,0,0,33554432,128,1,32,128,1,32,"",1,64,1,1,1,1,"HoldForm[ConvolutionLayer[128, {1, 64}, ""Stride"" -> {1, 1}, ""PaddingSize"" -> {{0, 0}, {31, 32}}, ""Dilation"" -> {1, 1}, ""Input"" -> {128, 1, 32}]]","05hzuemltd3me",3.050402909090909e10,2.923029676520123e10,5.174958667489204e9,"{0.006484, 0.001222, 0.001219, 0.001197, 0.001192, 0.001195, 0.00124, 0.001193, 0.001178, 0.001224, 0.001199, 0.001185, 0.001201, 0.001192, 0.001179, 0.001221, 0.001198, 0.001185, 0.00118, 0.001229, 0.001194, 0.001186, 0.001213, 0.001196, 0.001151, 0.001183, 0.001187, 0.001187, 0.001182, 0.001223, 0.001193, 0.001183, 0.001211, 0.00119, 0.001164, 0.001186, 0.001215, 0.001193, 0.00119, 0.001221, 0.001193, 0.001188, 0.001154, 0.00113, 0.001128, 0.001119, 0.001167, 0.001126, 0.001119, 0.001151, 0.001127, 0.001118, 0.001119, 0.001155, 0.001128, 0.001122, 0.001149, 0.001131, 0.001117, 0.001107, 0.001136, 0.00111, 0.001107, 0.001139, 0.001107, 0.001102, 0.001102, 0.001139, 0.001109, 0.0011, 0.001101, 0.001133, 0.001108, 0.001108, 0.001139, 0.001108, 0.001106, 0.001105, 0.001125, 0.001111, 0.001103, 0.001127, 0.001107, 0.001104, 0.001101, 0.001132, 0.00111, 0.001105, 0.001109, 0.001108, 0.001104, 0.001103, 0.001146, 0.001109, 0.001106, 0.001107, 0.001129, 0.001112, 0.001103, 0.00113}"
