"model_name","layer_name","layer_index","kind","min_time","mean_time","max_time","add_flops","div_flops","cmp_flops","exp_flops","mad_flops","input_channel","input_height","input_width","output_channel","output_height","output_width","function","kernel_1","kernel_2","stride_1","stride_2","dilation_1","dilation_2","input_form","topology_hash","mad/min_time","mad/mean_time","mad/max_time","time"
"2D Face Alignment Net Trained on 300W Large Pose Data","12/1/2/3/1/2/3/1/2/3/1/2/4/1/1/3",883,"Convolution",0.000263,0.0002729333333333333,0.003459,0,0,0,0,4718592,256,4,4,128,4,4,"",3,3,1,1,1,1,"HoldForm[ConvolutionLayer[128, {3, 3}, ""Stride"" -> {1, 1}, ""PaddingSize"" -> {{1, 1}, {1, 1}}, ""Dilation"" -> {1, 1}, ""Input"" -> {256, 4, 4}]]","0ngwio6wgy0h8",1.79414144486692e10,1.7288441621885685e10,1.3641491760624456e9,"{0.003459, 0.000292, 0.00027, 0.000267, 0.000287, 0.000271, 0.000266, 0.000265, 0.000265, 0.000264, 0.000265, 0.000316, 0.000269, 0.000265, 0.000264, 0.000265, 0.00027, 0.000268, 0.000265, 0.000265, 0.000265, 0.000264, 0.000265, 0.000265, 0.000265, 0.000296, 0.000279, 0.000267, 0.00027, 0.00027, 0.000266, 0.000266, 0.000265, 0.000265, 0.000265, 0.00027, 0.000268, 0.000267, 0.000263, 0.000265, 0.000298, 0.000281, 0.000273, 0.000274, 0.000274, 0.000274, 0.000274, 0.000273, 0.000272, 0.000273, 0.000275, 0.000272, 0.000274, 0.000276, 0.000298, 0.000278, 0.000273, 0.000273, 0.000274, 0.000273, 0.000272, 0.000272, 0.000275, 0.000274, 0.000274, 0.000278, 0.000277, 0.000274, 0.000273, 0.000277, 0.000279, 0.000276, 0.00028, 0.000277, 0.000274, 0.000274, 0.000273, 0.000275, 0.000275, 0.000274, 0.000275, 0.000274, 0.000274, 0.000295, 0.00028, 0.000275, 0.000277, 0.000274, 0.000276, 0.000278, 0.000277, 0.000275, 0.000274, 0.000275, 0.000274, 0.000276, 0.000275, 0.000284, 0.000287, 0.000277}"
