"model_name","layer_name","layer_index","kind","min_time","mean_time","max_time","add_flops","div_flops","cmp_flops","exp_flops","mad_flops","input_channel","input_height","input_width","output_channel","output_height","output_width","function","kernel_1","kernel_2","stride_1","stride_2","dilation_1","dilation_2","input_form","topology_hash","mad/min_time","mad/mean_time","mad/max_time","time"
"Dilated ResNet-105 Trained on Cityscapes Data","relu33",118,"Elementwise",0.000877,0.0009685666666666667,0.006179,0,0,2097152,0,2097152,256,64,128,256,64,128,"Ramp","","","","","","","HoldForm[ElementwiseLayer[Ramp, ""Input"" -> {256, 64, 128}]]","1dq53uhc5a1i5",2.3912793614595213e9,2.1652118250335546e9,3.393999028969089e8,"{0.006179, 0.001518, 0.001345, 0.001299, 0.001261, 0.001263, 0.001344, 0.00136, 0.001351, 0.001378, 0.001321, 0.001248, 0.001285, 0.001283, 0.001306, 0.001399, 0.001243, 0.000985, 0.000938, 0.000972, 0.00098, 0.00094, 0.000929, 0.000956, 0.000936, 0.000913, 0.000928, 0.000877, 0.000919, 0.000923, 0.00092, 0.000971, 0.001013, 0.000899, 0.000908, 0.000974, 0.000928, 0.000902, 0.000965, 0.000945, 0.000962, 0.000938, 0.000913, 0.000936, 0.000896, 0.001047, 0.001033, 0.000956, 0.000907, 0.000958, 0.000912, 0.000898, 0.000886, 0.000918, 0.000884, 0.000888, 0.00093, 0.000986, 0.000953, 0.000934, 0.000955, 0.000945, 0.00099, 0.000963, 0.000925, 0.000895, 0.000961, 0.000965, 0.000961, 0.000961, 0.000961, 0.000916, 0.00091, 0.000937, 0.000981, 0.000952, 0.00089, 0.000882, 0.000921, 0.001008, 0.000933, 0.000883, 0.00094, 0.000985, 0.000944, 0.000976, 0.000994, 0.001052, 0.001055, 0.001011, 0.001031, 0.001109, 0.001046, 0.00103, 0.001023, 0.001068, 0.00104, 0.000983, 0.000998, 0.000987}"
