"model_name","layer_name","layer_index","kind","min_time","mean_time","max_time","add_flops","div_flops","cmp_flops","exp_flops","mad_flops","input_channel","input_height","input_width","output_channel","output_height","output_width","function","kernel_1","kernel_2","stride_1","stride_2","dilation_1","dilation_2","input_form","topology_hash","mad/min_time","mad/mean_time","mad/max_time","time"
"Single-Image Depth Perception Net Trained on Depth in the Wild Data","4/1/1/4/1/1/3/4/6",92,"Elementwise",0.000197,0.00019893333333333336,0.001036,0,0,307200,0,307200,64,60,80,64,60,80,"Ramp","","","","","","","HoldForm[ElementwiseLayer[Ramp, ""Input"" -> {64, 60, 80}]]","1tfaqscxpe2vw",1.5593908629441624e9,1.5442359249329758e9,2.9652509652509654e8,"{0.001036, 0.000214, 0.000209, 0.000201, 0.000201, 0.000199, 0.000198, 0.000201, 0.000199, 0.000199, 0.0002, 0.000198, 0.000199, 0.000198, 0.000199, 0.000199, 0.000198, 0.000198, 0.000198, 0.000199, 0.000228, 0.00021, 0.000203, 0.0002, 0.000198, 0.000198, 0.0002, 0.000198, 0.000198, 0.000209, 0.000207, 0.000201, 0.0002, 0.000198, 0.000199, 0.000199, 0.000199, 0.000199, 0.000199, 0.000198, 0.000229, 0.000208, 0.000199, 0.0002, 0.000198, 0.000198, 0.000199, 0.000198, 0.000199, 0.000197, 0.000199, 0.000198, 0.000198, 0.000199, 0.000198, 0.000199, 0.000201, 0.000199, 0.000199, 0.000197, 0.000205, 0.000207, 0.000199, 0.0002, 0.0002, 0.000199, 0.000199, 0.000199, 0.000199, 0.000198, 0.000199, 0.000199, 0.000199, 0.000199, 0.0002, 0.000199, 0.000198, 0.000199, 0.0002, 0.000204, 0.000236, 0.000201, 0.000198, 0.000198, 0.000199, 0.000199, 0.000197, 0.000199, 0.000198, 0.000198, 0.000198, 0.000198, 0.000198, 0.000198, 0.000198, 0.000198, 0.000199, 0.000198, 0.000198, 0.000231}"
