"model_name","layer_name","layer_index","kind","min_time","mean_time","max_time","add_flops","div_flops","cmp_flops","exp_flops","mad_flops","input_channel","input_height","input_width","output_channel","output_height","output_width","function","kernel_1","kernel_2","stride_1","stride_2","dilation_1","dilation_2","input_form","topology_hash","mad/min_time","mad/mean_time","mad/max_time","time"
"ResNet-101 Trained on YFCC100m Geotagged Data","stage1_unit2/relu3",24,"Elementwise",0.000107,0.00010974999999999996,0.00061,0,0,200704,0,200704,64,56,56,64,56,56,"Ramp","","","","","","","HoldForm[ElementwiseLayer[Ramp, ""Input"" -> {64, 56, 56}]]","0055vgwv4hket",1.8757383177570095e9,1.8287380410022786e9,3.290229508196721e8,"{0.00061, 0.00012, 0.000113, 0.000111, 0.000111, 0.00011, 0.000111, 0.00011, 0.00011, 0.00011, 0.00011, 0.000109, 0.000109, 0.000132, 0.000119, 0.00011, 0.00011, 0.00011, 0.000109, 0.00011, 0.000109, 0.00011, 0.00011, 0.000109, 0.00011, 0.000109, 0.00011, 0.000109, 0.00011, 0.000109, 0.00011, 0.00011, 0.00011, 0.000109, 0.00011, 0.000109, 0.00011, 0.000109, 0.000109, 0.000109, 0.00011, 0.000109, 0.000109, 0.000109, 0.000109, 0.00011, 0.000109, 0.00011, 0.00011, 0.000125, 0.000112, 0.000111, 0.00011, 0.000109, 0.00011, 0.00011, 0.000109, 0.000109, 0.00011, 0.000109, 0.00011, 0.00011, 0.00011, 0.000109, 0.00011, 0.000109, 0.00011, 0.000109, 0.00011, 0.00011, 0.000109, 0.00011, 0.000109, 0.000119, 0.000112, 0.00011, 0.000109, 0.00011, 0.00011, 0.00011, 0.00011, 0.00011, 0.00011, 0.000109, 0.000124, 0.000114, 0.000108, 0.000123, 0.000109, 0.000108, 0.000108, 0.000108, 0.000107, 0.000107, 0.000139, 0.000133, 0.000115, 0.000113, 0.000111, 0.00011}"
