"model_name","layer_name","layer_index","kind","min_time","mean_time","max_time","add_flops","div_flops","cmp_flops","exp_flops","mad_flops","input_channel","input_height","input_width","output_channel","output_height","output_width","function","kernel_1","kernel_2","stride_1","stride_2","dilation_1","dilation_2","input_form","topology_hash","mad/min_time","mad/mean_time","mad/max_time","time"
"Ademxapp Model A Trained on ImageNet Competition Data","3a/_plus3a",33,"Threading",0.000845,0.0010531000000000002,0.004132,3276800,0,0,0,0,256,80,80,256,80,80,"Plus","","","","","","","HoldForm[ThreadingLayer[Plus, ""Inputs"" -> {{256, 80, 80}, {256, 80, 80}}]]","0gftw95cj5fl9",0.,0.,0.,"{0.004132, 0.001117, 0.000988, 0.001013, 0.000886, 0.000912, 0.000925, 0.001091, 0.000973, 0.0009, 0.000846, 0.000939, 0.000916, 0.000874, 0.000845, 0.000862, 0.000943, 0.000986, 0.000908, 0.000904, 0.000982, 0.000901, 0.000876, 0.000865, 0.000933, 0.000964, 0.000959, 0.000925, 0.000971, 0.000972, 0.001018, 0.000999, 0.001014, 0.001072, 0.001089, 0.001047, 0.001129, 0.00108, 0.001038, 0.001009, 0.001086, 0.000999, 0.000995, 0.000997, 0.001057, 0.000963, 0.001024, 0.001026, 0.001085, 0.001074, 0.001096, 0.001177, 0.001063, 0.001048, 0.001056, 0.001124, 0.001097, 0.001087, 0.001079, 0.001122, 0.001061, 0.001047, 0.001096, 0.001082, 0.001033, 0.00101, 0.001097, 0.001024, 0.001123, 0.00108, 0.001165, 0.001128, 0.001127, 0.001184, 0.001162, 0.001125, 0.001145, 0.001146, 0.001135, 0.001149, 0.001133, 0.00109, 0.001064, 0.001112, 0.00121, 0.001119, 0.001115, 0.001141, 0.001148, 0.001088, 0.001092, 0.001183, 0.001116, 0.001068, 0.001043, 0.001091, 0.001063, 0.001028, 0.001083, 0.00107}"
