"model_name","layer_name","layer_index","kind","min_time","mean_time","max_time","add_flops","div_flops","cmp_flops","exp_flops","mad_flops","input_channel","input_height","input_width","output_channel","output_height","output_width","function","kernel_1","kernel_2","stride_1","stride_2","dilation_1","dilation_2","input_form","topology_hash","mad/min_time","mad/mean_time","mad/max_time","time"
"Dilated ResNet-22 Trained on Cityscapes Data","elemwise_add5",56,"Threading",0.001702,0.0018228166666666664,0.006815,4194304,0,0,0,0,256,64,128,256,64,128,"Plus","","","","","","","HoldForm[ThreadingLayer[Plus, ""Inputs"" -> {{256, 64, 128}, {256, 64, 128}}]]","07pa2lt944ihc",0.,0.,0.,"{0.006815, 0.002373, 0.002288, 0.002312, 0.002253, 0.002265, 0.002222, 0.00226, 0.002211, 0.002253, 0.002252, 0.001924, 0.001895, 0.001776, 0.001752, 0.001789, 0.001745, 0.001773, 0.001719, 0.001803, 0.001732, 0.001752, 0.001749, 0.001722, 0.001784, 0.00172, 0.001759, 0.00171, 0.001751, 0.001731, 0.00173, 0.001895, 0.001756, 0.001777, 0.001702, 0.001799, 0.001789, 0.001817, 0.001771, 0.001745, 0.001841, 0.001815, 0.001846, 0.001774, 0.001833, 0.001754, 0.001842, 0.001779, 0.001815, 0.001823, 0.001825, 0.001874, 0.00185, 0.001859, 0.001813, 0.001856, 0.001761, 0.001834, 0.00177, 0.001804, 0.001768, 0.001803, 0.001881, 0.001833, 0.001851, 0.001783, 0.001842, 0.001772, 0.001841, 0.001784, 0.001832, 0.001811, 0.001843, 0.001855, 0.001868, 0.001904, 0.001834, 0.001904, 0.001806, 0.001889, 0.001821, 0.001875, 0.001848, 0.001895, 0.00186, 0.001901, 0.001799, 0.00182, 0.001808, 0.001779, 0.001848, 0.001806, 0.001851, 0.001826, 0.001877, 0.001834, 0.001897, 0.001821, 0.00188, 0.001816}"
