"model_name","layer_name","layer_index","kind","min_time","mean_time","max_time","add_flops","div_flops","cmp_flops","exp_flops","mad_flops","input_channel","input_height","input_width","output_channel","output_height","output_width","function","kernel_1","kernel_2","stride_1","stride_2","dilation_1","dilation_2","input_form","topology_hash","mad/min_time","mad/mean_time","mad/max_time","time"
"Squeeze-and-Excitation Net Trained on ImageNet Competition Data","4s/conv4_19_scale",525,"Threading",0.00017,0.0001719333333333335,0.000791,0,0,0,0,401408,1024,14,14,1024,14,14,"Times","","","","","","","HoldForm[ThreadingLayer[Times, ""Inputs"" -> {{1024, 14, 14}, {1024, 14, 14}}]]","0pjdpb3japuu1",2.3612235294117646e9,2.334672353625434e9,5.0746902654867256e8,"{0.000791, 0.000182, 0.000175, 0.000176, 0.000173, 0.000173, 0.000173, 0.000172, 0.000172, 0.000172, 0.000171, 0.000172, 0.000171, 0.000172, 0.000178, 0.000179, 0.000173, 0.000173, 0.000172, 0.000172, 0.000174, 0.000173, 0.000172, 0.000173, 0.000172, 0.000172, 0.000171, 0.000172, 0.000172, 0.000172, 0.000172, 0.000178, 0.000178, 0.000173, 0.000172, 0.000172, 0.000173, 0.000175, 0.000175, 0.000173, 0.000172, 0.000173, 0.000171, 0.000172, 0.000171, 0.000172, 0.000171, 0.000172, 0.00017, 0.000173, 0.000172, 0.000172, 0.000171, 0.000171, 0.000172, 0.000172, 0.000171, 0.000172, 0.000171, 0.000172, 0.000175, 0.000174, 0.000173, 0.000171, 0.000171, 0.000172, 0.000172, 0.000172, 0.000172, 0.000172, 0.000171, 0.000171, 0.000171, 0.000171, 0.000171, 0.000172, 0.000171, 0.000174, 0.000171, 0.000171, 0.00017, 0.000172, 0.000172, 0.000174, 0.000174, 0.000171, 0.000171, 0.000172, 0.00017, 0.000171, 0.000171, 0.000171, 0.00017, 0.000172, 0.000172, 0.000172, 0.000171, 0.000171, 0.000171, 0.000171}"
