"model_name","layer_name","layer_index","kind","min_time","mean_time","max_time","add_flops","div_flops","cmp_flops","exp_flops","mad_flops","input_channel","input_height","input_width","output_channel","output_height","output_width","function","kernel_1","kernel_2","stride_1","stride_2","dilation_1","dilation_2","input_form","topology_hash","mad/min_time","mad/mean_time","mad/max_time","time"
"Squeeze-and-Excitation Net Trained on ImageNet Competition Data","4j/conv4_10_global_pool",366,"Aggregation",0.00366,0.0036954999999999996,0.003884,200704,200704,0,0,0,1024,14,14,1024,"","","Mean","","","","","","","HoldForm[AggregationLayer[Mean, ""Input"" -> {1024, 14, 14}]]","03xx1wy2c8bth",0.,0.,0.,"{0.003884, 0.003703, 0.003712, 0.003723, 0.003707, 0.003685, 0.00366, 0.003691, 0.003709, 0.003689, 0.003701, 0.003706, 0.003671, 0.003677, 0.003706, 0.003704, 0.003688, 0.003684, 0.003704, 0.003682, 0.003664, 0.003696, 0.003685, 0.003705, 0.003693, 0.003683, 0.003693, 0.003737, 0.003689, 0.003699, 0.003688, 0.003674, 0.003727, 0.003692, 0.003717, 0.003686, 0.003693, 0.003711, 0.003714, 0.003664, 0.003693, 0.00371, 0.003677, 0.003684, 0.003682, 0.00373, 0.003685, 0.003665, 0.003704, 0.003692, 0.003672, 0.003732, 0.00368, 0.003714, 0.003734, 0.003755, 0.003719, 0.003687, 0.003683, 0.003696, 0.003691, 0.003683, 0.003701, 0.003705, 0.003727, 0.003712, 0.00366, 0.003725, 0.003715, 0.003673, 0.003699, 0.003687, 0.003712, 0.003713, 0.003665, 0.003715, 0.003694, 0.003678, 0.003733, 0.003683, 0.003683, 0.003695, 0.003755, 0.003713, 0.003691, 0.003671, 0.003694, 0.003683, 0.003683, 0.003699, 0.003693, 0.003698, 0.003708, 0.003676, 0.003701, 0.003712, 0.003683, 0.003698, 0.003688, 0.003684}"
