"model_name","layer_name","layer_index","kind","min_time","mean_time","max_time","add_flops","div_flops","cmp_flops","exp_flops","mad_flops","input_channel","input_height","input_width","output_channel","output_height","output_width","function","kernel_1","kernel_2","stride_1","stride_2","dilation_1","dilation_2","input_form","topology_hash","mad/min_time","mad/mean_time","mad/max_time","time"
"ResNet-152 Trained on ImageNet Competition Data","4b1/res4b1_branch2c",138,"Convolution",0.000403,0.00045883333333333345,0.008981,0,0,0,0,51380224,256,14,14,1024,14,14,"",1,1,1,1,1,1,"HoldForm[ConvolutionLayer[1024, {1, 1}, ""Stride"" -> {1, 1}, ""PaddingSize"" -> {{0, 0}, {0, 0}}, ""Dilation"" -> {1, 1}, ""Input"" -> {256, 14, 14}]]","05922ucprscvp",1.274943523573201e11,1.1198014674900107e11,5.720991426344505e9,"{0.008018, 0.008981, 0.00049, 0.000464, 0.000418, 0.000408, 0.000406, 0.000405, 0.000406, 0.000404, 0.000433, 0.000408, 0.000404, 0.000405, 0.000404, 0.000404, 0.004701, 0.000504, 0.000418, 0.00043, 0.000409, 0.000406, 0.000406, 0.000405, 0.000405, 0.000404, 0.00487, 0.000486, 0.000412, 0.000435, 0.000447, 0.000419, 0.000408, 0.000405, 0.000474, 0.000413, 0.000422, 0.007133, 0.000507, 0.000431, 0.000408, 0.000406, 0.000406, 0.000445, 0.000414, 0.000406, 0.000405, 0.000403, 0.000404, 0.000428, 0.00042, 0.000442, 0.004109, 0.000499, 0.000417, 0.000405, 0.000405, 0.000404, 0.000404, 0.00043, 0.000409, 0.006685, 0.000503, 0.000441, 0.00041, 0.000406, 0.000404, 0.000404, 0.000403, 0.000404, 0.000404, 0.000404, 0.000405, 0.000538, 0.000511, 0.000422, 0.000409, 0.000404, 0.000404, 0.000404, 0.000404, 0.000973, 0.000416, 0.003219, 0.000841, 0.000782, 0.00077, 0.000784, 0.000789, 0.00077, 0.000806, 0.000774, 0.000806, 0.000774, 0.000784, 0.000771, 0.000767, 0.000768, 0.000769, 0.000786}"
