"model_name","layer_name","layer_index","kind","min_time","mean_time","max_time","add_flops","div_flops","cmp_flops","exp_flops","mad_flops","input_channel","input_height","input_width","output_channel","output_height","output_width","function","kernel_1","kernel_2","stride_1","stride_2","dilation_1","dilation_2","input_form","topology_hash","mad/min_time","mad/mean_time","mad/max_time","time"
"Yahoo Open NSFW Model V1","stage0_block1/conv_branch2c",24,"Convolution",0.000301,0.0003103166666666668,0.007464,0,0,0,0,12845056,32,56,56,128,56,56,"",1,1,1,1,1,1,"HoldForm[ConvolutionLayer[128, {1, 1}, ""Stride"" -> {1, 1}, ""PaddingSize"" -> {{0, 0}, {0, 0}}, ""Dilation"" -> {1, 1}, ""Input"" -> {32, 56, 56}]]","1dpuptwfqiwsx",4.267460465116279e10,4.139338095493849e10,1.7209346195069668e9,"{0.007464, 0.007335, 0.000358, 0.00031, 0.000321, 0.000307, 0.000304, 0.000307, 0.000302, 0.000304, 0.000305, 0.000302, 0.000304, 0.000361, 0.000337, 0.000307, 0.000305, 0.00528, 0.000328, 0.000309, 0.000321, 0.000306, 0.000309, 0.000359, 0.000317, 0.000308, 0.000307, 0.000307, 0.000305, 0.00036, 0.000316, 0.000304, 0.000305, 0.001566, 0.000343, 0.000308, 0.000305, 0.002767, 0.000339, 0.000324, 0.000315, 0.000309, 0.000306, 0.000306, 0.000311, 0.005934, 0.000351, 0.000303, 0.000305, 0.000303, 0.000302, 0.000312, 0.000304, 0.000323, 0.000309, 0.000305, 0.000305, 0.000328, 0.000315, 0.000306, 0.000305, 0.000305, 0.000304, 0.000355, 0.006308, 0.000345, 0.00032, 0.000309, 0.000306, 0.000303, 0.000304, 0.000304, 0.000303, 0.000303, 0.000304, 0.000302, 0.000404, 0.000318, 0.000306, 0.000305, 0.000306, 0.000307, 0.00034, 0.000316, 0.000307, 0.000304, 0.000304, 0.000304, 0.000305, 0.006249, 0.000365, 0.000308, 0.000306, 0.000305, 0.000305, 0.000326, 0.000309, 0.000301, 0.000302, 0.000304}"
