"model_name","layer_name","layer_index","kind","min_time","mean_time","max_time","add_flops","div_flops","cmp_flops","exp_flops","mad_flops","input_channel","input_height","input_width","output_channel","output_height","output_width","function","kernel_1","kernel_2","stride_1","stride_2","dilation_1","dilation_2","input_form","topology_hash","mad/min_time","mad/mean_time","mad/max_time","time"
"Dilated ResNet-22 Trained on Cityscapes Data","convolution17",54,"Convolution",0.057007,0.057992133333333334,0.094375,0,0,0,0,13421772800,256,64,128,256,64,128,"",3,3,1,1,2,2,"HoldForm[ConvolutionLayer[256, {3, 3}, ""Stride"" -> {1, 1}, ""PaddingSize"" -> {{2, 2}, {2, 2}}, ""Dilation"" -> {2, 2}, ""Input"" -> {256, 64, 128}]]","0rawpwhp9u3xx",2.3544078446506567e11,2.3144126674652423e11,1.4221746013245035e11,"{0.094375, 0.058347, 0.058122, 0.057007, 0.057097, 0.057282, 0.057233, 0.057872, 0.057633, 0.057539, 0.057794, 0.05847, 0.058302, 0.058311, 0.058333, 0.058071, 0.057862, 0.057692, 0.05775, 0.057923, 0.057935, 0.058171, 0.058246, 0.058124, 0.058242, 0.057985, 0.057881, 0.058387, 0.05813, 0.057598, 0.057456, 0.05756, 0.057387, 0.057438, 0.05745, 0.058174, 0.057539, 0.05786, 0.058, 0.058112, 0.058143, 0.058472, 0.05864, 0.058557, 0.058282, 0.058131, 0.058315, 0.058062, 0.058221, 0.057886}"
