"model_name","layer_name","layer_index","kind","min_time","mean_time","max_time","add_flops","div_flops","cmp_flops","exp_flops","mad_flops","input_channel","input_height","input_width","output_channel","output_height","output_width","function","kernel_1","kernel_2","stride_1","stride_2","dilation_1","dilation_2","input_form","topology_hash","mad/min_time","mad/mean_time","mad/max_time","time"
"Unguided Volumetric Regression Net for 3D Face Reconstruction","9/2/1/1/4/1/1/4/1/1/4/1/2/8/1/1/3",733,"Convolution",0.000192,0.0001972666666666666,0.007895,0,0,0,0,18874368,256,24,24,128,24,24,"",1,1,1,1,1,1,"HoldForm[ConvolutionLayer[128, {1, 1}, ""Stride"" -> {1, 1}, ""PaddingSize"" -> {{0, 0}, {0, 0}}, ""Dilation"" -> {1, 1}, ""Input"" -> {256, 24, 24}]]","0aq3fws45f1kh",9.8304e10,9.567945927678273e10,2.3906735908803043e9,"{0.007895, 0.004596, 0.000243, 0.000199, 0.000198, 0.000208, 0.000222, 0.000199, 0.000195, 0.000196, 0.000194, 0.000193, 0.000194, 0.000194, 0.000193, 0.000194, 0.002388, 0.000268, 0.000201, 0.000195, 0.000193, 0.000193, 0.000195, 0.000193, 0.000244, 0.000206, 0.000197, 0.005883, 0.000237, 0.000197, 0.000194, 0.000194, 0.000194, 0.000194, 0.000194, 0.000193, 0.000194, 0.000224, 0.00023, 0.000201, 0.000195, 0.000196, 0.000193, 0.000195, 0.000193, 0.000236, 0.000234, 0.000201, 0.000194, 0.000194, 0.000193, 0.000193, 0.000193, 0.000193, 0.000196, 0.002391, 0.000238, 0.000197, 0.000195, 0.000195, 0.000193, 0.000194, 0.000194, 0.000193, 0.000194, 0.000195, 0.002282, 0.000271, 0.000196, 0.000193, 0.000192, 0.000194, 0.000194, 0.000193, 0.000243, 0.000208, 0.005931, 0.000239, 0.000193, 0.000195, 0.000194, 0.000194, 0.000192, 0.000194, 0.000193, 0.000193, 0.000192, 0.000202, 0.000229, 0.000205, 0.000194, 0.000193, 0.000194, 0.000192, 0.000196, 0.00024, 0.000214, 0.000196, 0.000193, 0.000193}"
