"model_name","layer_name","layer_index","kind","min_time","mean_time","max_time","add_flops","div_flops","cmp_flops","exp_flops","mad_flops","input_channel","input_height","input_width","output_channel","output_height","output_width","function","kernel_1","kernel_2","stride_1","stride_2","dilation_1","dilation_2","input_form","topology_hash","mad/min_time","mad/mean_time","mad/max_time","time"
"Ademxapp Model A1 Trained on PASCAL VOC2012 and MS-COCO Data","conv6a_relu",138,"Elementwise",0.000795,0.0008297166666666665,0.004881,0,0,2032128,0,2032128,512,63,63,512,63,63,"Ramp","","","","","","","HoldForm[ElementwiseLayer[Ramp, ""Input"" -> {512, 63, 63}]]","0bs40dqisfuvt",2.5561358490566034e9,2.4491830544563413e9,4.163343577135833e8,"{0.004881, 0.001275, 0.001223, 0.000976, 0.000928, 0.000878, 0.000862, 0.000834, 0.00083, 0.000828, 0.000827, 0.000843, 0.000821, 0.000891, 0.00082, 0.000846, 0.00082, 0.000821, 0.000808, 0.000797, 0.000827, 0.000809, 0.000816, 0.000817, 0.000818, 0.000912, 0.000823, 0.000835, 0.000813, 0.000823, 0.000858, 0.00085, 0.000856, 0.00085, 0.000867, 0.000824, 0.000845, 0.000875, 0.000831, 0.000876, 0.000834, 0.000817, 0.000811, 0.000816, 0.000834, 0.000803, 0.000795, 0.000807, 0.000827, 0.000913, 0.000847, 0.000833, 0.000841, 0.000859, 0.000895, 0.000856, 0.00086, 0.000849, 0.000851, 0.000827, 0.000824, 0.000916, 0.000845, 0.000867, 0.000816, 0.000817, 0.000813, 0.000797, 0.000807, 0.000801, 0.000814, 0.000821, 0.000809, 0.000884, 0.000825, 0.000844, 0.000816, 0.000844, 0.000795, 0.00081, 0.000816, 0.000803, 0.000853, 0.000806, 0.000807, 0.00088, 0.000816, 0.000843, 0.000804, 0.000814, 0.000807, 0.000798, 0.000825, 0.00081, 0.000805, 0.000798, 0.000798, 0.000822, 0.000872, 0.000817}"
