"model_name","layer_name","layer_index","kind","min_time","mean_time","max_time","add_flops","div_flops","cmp_flops","exp_flops","mad_flops","input_channel","input_height","input_width","output_channel","output_height","output_width","function","kernel_1","kernel_2","stride_1","stride_2","dilation_1","dilation_2","input_form","topology_hash","mad/min_time","mad/mean_time","mad/max_time","time"
"MobileNet V2 Trained on ImageNet Competition Data","6_2/1/relu6_2_expand",132,"Elementwise",0.000072,0.00007295000000000007,0.000375,0,0,131712,0,0,1344,7,7,1344,7,7,"ScalarFunctionObject[{ScalarSymbol[1]}, ScalarSymbol[3], <|ScalarSymbol[2] -> {Max, 0., ScalarSymbol[1]}, ScalarSymbol[3] -> {Min, 6., ScalarSymbol[2]}|>]","","","","","","","HoldForm[ElementwiseLayer[Min[6, Max[0, #1]] & , ""Input"" -> {1344, 7, 7}]]","1mr7hqy93jdvl",0.,0.,0.,"{0.000375, 0.000095, 0.000077, 0.000075, 0.000073, 0.000074, 0.000073, 0.000073, 0.000073, 0.000073, 0.000073, 0.000073, 0.000073, 0.000073, 0.000073, 0.000073, 0.000073, 0.000073, 0.000073, 0.000073, 0.000073, 0.000073, 0.000073, 0.000073, 0.000073, 0.000073, 0.000072, 0.000073, 0.000072, 0.000073, 0.000073, 0.000073, 0.000073, 0.000073, 0.000073, 0.000084, 0.000074, 0.000086, 0.000075, 0.000073, 0.000073, 0.000073, 0.000072, 0.000073, 0.000072, 0.000072, 0.000072, 0.000072, 0.000072, 0.000072, 0.000073, 0.000072, 0.000072, 0.000072, 0.000072, 0.000072, 0.000074, 0.000073, 0.000073, 0.000072, 0.000072, 0.000072, 0.000072, 0.000072, 0.000073, 0.000073, 0.000072, 0.000072, 0.000072, 0.000072, 0.000073, 0.000073, 0.000073, 0.000073, 0.000073, 0.000073, 0.000072, 0.000072, 0.000072, 0.000073, 0.000073, 0.000073, 0.000073, 0.000073, 0.000073, 0.000073, 0.000073, 0.000076, 0.000075, 0.000075, 0.000075, 0.000088, 0.000107, 0.000083, 0.000076, 0.000075, 0.000075, 0.000075, 0.000093, 0.000083}"
