"model_name","layer_name","layer_index","kind","min_time","mean_time","max_time","add_flops","div_flops","cmp_flops","exp_flops","mad_flops","input_channel","input_height","input_width","output_channel","output_height","output_width","function","kernel_1","kernel_2","stride_1","stride_2","dilation_1","dilation_2","input_form","topology_hash","mad/min_time","mad/mean_time","mad/max_time","time"
"Dilated ResNet-105 Trained on Cityscapes Data","relu88",301,"Elementwise",0.000996,0.0010353666666666668,0.005052,0,0,2097152,0,2097152,256,64,128,256,64,128,"Ramp","","","","","","","HoldForm[ElementwiseLayer[Ramp, ""Input"" -> {256, 64, 128}]]","1dq53uhc5a1i5",2.1055742971887553e9,2.025516242233025e9,4.151132224861441e8,"{0.005052, 0.001379, 0.00132, 0.001281, 0.001165, 0.001105, 0.001117, 0.001063, 0.001069, 0.001042, 0.001061, 0.001014, 0.001012, 0.001019, 0.001073, 0.001025, 0.001012, 0.001016, 0.001065, 0.001003, 0.001018, 0.001035, 0.00106, 0.00102, 0.001009, 0.001005, 0.001049, 0.001018, 0.001016, 0.001034, 0.000996, 0.001, 0.001008, 0.001047, 0.001009, 0.001006, 0.001035, 0.001052, 0.001009, 0.001018, 0.001007, 0.001034, 0.001001, 0.001043, 0.001042, 0.001082, 0.001045, 0.001053, 0.001035, 0.001071}"
