"model_name","layer_name","layer_index","kind","min_time","mean_time","max_time","add_flops","div_flops","cmp_flops","exp_flops","mad_flops","input_channel","input_height","input_width","output_channel","output_height","output_width","function","kernel_1","kernel_2","stride_1","stride_2","dilation_1","dilation_2","input_form","topology_hash","mad/min_time","mad/mean_time","mad/max_time","time"
"Squeeze-and-Excitation Net Trained on ImageNet Competition Data","4g/conv4_7_1x1_down",316,"Linear",0.000025,0.000025799999999999987,0.007889,0,0,0,0,65536,1024,"","",64,"","","","","","","","","","HoldForm[LinearLayer[{64}, ""Input"" -> 1024]]","0g4vmp1vvggav",2.62144e9,2.540155038759691e9,8.307263277982e6,"{0.005808, 0.007889, 0.000041, 0.000036, 0.000038, 0.000026, 0.000026, 0.000025, 0.000046, 0.000031, 0.000027, 0.000025, 0.000026, 0.000026, 0.000026, 0.000025, 0.000026, 0.000025, 0.000025, 0.000026, 0.000026, 0.000025, 0.000026, 0.000054, 0.000027, 0.000027, 0.000026, 0.000026, 0.000025, 0.000026, 0.000026, 0.000026, 0.000025, 0.000025, 0.000026, 0.000026, 0.000025, 0.000026, 0.000026, 0.000026, 0.000025, 0.000026, 0.000025, 0.000025, 0.000026, 0.000025, 0.000026, 0.000025, 0.000026, 0.000027, 0.000025, 0.000026, 0.000025, 0.000026, 0.000026, 0.000027, 0.000025, 0.000025, 0.000025, 0.000026, 0.000025, 0.000026, 0.000025, 0.000026, 0.000025, 0.000025, 0.000026, 0.000026, 0.000025, 0.000026, 0.000026, 0.000025, 0.000025, 0.000026, 0.000026, 0.000026, 0.000026, 0.000025, 0.000026, 0.000026, 0.000026, 0.000026, 0.000026, 0.000026, 0.000025, 0.000026, 0.000025, 0.000026, 0.000026, 0.000026, 0.000026, 0.000026, 0.000026, 0.000026, 0.000027, 0.000025, 0.000026, 0.000026, 0.000026, 0.000025}"
