"model_name","layer_name","layer_index","kind","min_time","mean_time","max_time","add_flops","div_flops","cmp_flops","exp_flops","mad_flops","input_channel","input_height","input_width","output_channel","output_height","output_width","function","kernel_1","kernel_2","stride_1","stride_2","dilation_1","dilation_2","input_form","topology_hash","mad/min_time","mad/mean_time","mad/max_time","time"
"Yahoo Open NSFW Model V1","stage0_block1/bn_branch2a",19,"BatchNormalization",0.000049,0.00004988333333333336,0.000378,100352,100352,0,0,0,32,56,56,32,56,56,"","","","","","","","HoldForm[BatchNormalizationLayer[""Epsilon"" -> 0.0001, ""Input"" -> {32, 56, 56}]]","0rjqpjlhc686a",0.,0.,0.,"{0.000378, 0.000061, 0.000053, 0.00005, 0.000051, 0.000051, 0.000049, 0.000051, 0.00005, 0.000049, 0.00005, 0.000051, 0.00005, 0.00005, 0.000049, 0.00005, 0.00005, 0.00005, 0.00005, 0.000049, 0.000049, 0.000049, 0.00005, 0.00005, 0.000049, 0.000049, 0.000049, 0.000067, 0.000049, 0.00005, 0.00005, 0.00005, 0.000049, 0.000049, 0.000049, 0.00005, 0.00005, 0.00005, 0.000049, 0.00005, 0.00005, 0.00005, 0.000049, 0.000049, 0.000049, 0.00005, 0.00005, 0.000049, 0.000049, 0.00005, 0.00005, 0.000049, 0.00005, 0.000051, 0.00005, 0.00005, 0.000049, 0.000049, 0.000049, 0.00005, 0.00005, 0.000058, 0.000051, 0.00005, 0.00005, 0.00005, 0.00005, 0.000051, 0.00005, 0.00005, 0.00005, 0.00005, 0.00005, 0.000051, 0.00005, 0.00005, 0.00005, 0.00005, 0.00005, 0.00005, 0.00005, 0.00005, 0.000051, 0.00005, 0.000049, 0.00005, 0.00005, 0.00005, 0.000049, 0.00005, 0.000049, 0.00005, 0.000049, 0.00005, 0.000051, 0.00005, 0.00005, 0.00005, 0.00005, 0.00005}"
