"model_name","layer_name","layer_index","kind","min_time","mean_time","max_time","add_flops","div_flops","cmp_flops","exp_flops","mad_flops","input_channel","input_height","input_width","output_channel","output_height","output_width","function","kernel_1","kernel_2","stride_1","stride_2","dilation_1","dilation_2","input_form","topology_hash","mad/min_time","mad/mean_time","mad/max_time","time"
"Ademxapp Model A Trained on ImageNet Competition Data","7a/bn7a_branch2a",127,"BatchNormalization",0.000111,0.0001123833333333334,0.000652,204800,204800,0,0,0,2048,10,10,2048,10,10,"","","","","","","","HoldForm[BatchNormalizationLayer[""Epsilon"" -> 0.00001001, ""Input"" -> {2048, 10, 10}]]","032lpck48hxir",0.,0.,0.,"{0.000652, 0.000135, 0.000116, 0.000114, 0.000113, 0.000113, 0.000113, 0.000113, 0.000113, 0.00012, 0.000113, 0.000112, 0.000128, 0.000112, 0.000112, 0.000112, 0.000112, 0.000111, 0.000111, 0.000112, 0.000111, 0.000111, 0.000112, 0.000111, 0.000111, 0.000112, 0.000112, 0.000111, 0.000111, 0.000111, 0.000112, 0.000112, 0.000111, 0.000111, 0.000112, 0.000111, 0.000111, 0.000111, 0.000112, 0.000112, 0.000111, 0.000111, 0.000112, 0.000112, 0.000111, 0.000123, 0.000116, 0.000126, 0.000115, 0.000113, 0.000113, 0.000113, 0.000112, 0.000112, 0.000112, 0.000113, 0.000112, 0.000112, 0.000113, 0.000112, 0.000112, 0.000112, 0.000112, 0.000113, 0.000113, 0.000112, 0.000112, 0.000113, 0.000112, 0.000112, 0.000112, 0.000112, 0.000113, 0.000113, 0.000112, 0.000113, 0.000113, 0.000112, 0.000112, 0.000113, 0.000116, 0.000118, 0.000123, 0.000113, 0.000112, 0.000112, 0.000113, 0.000113, 0.000112, 0.000113, 0.000112, 0.000113, 0.000112, 0.000113, 0.000113, 0.000113, 0.000112, 0.000119, 0.000113, 0.000113}"
