"model_name","layer_name","layer_index","kind","min_time","mean_time","max_time","add_flops","div_flops","cmp_flops","exp_flops","mad_flops","input_channel","input_height","input_width","output_channel","output_height","output_width","function","kernel_1","kernel_2","stride_1","stride_2","dilation_1","dilation_2","input_form","topology_hash","mad/min_time","mad/mean_time","mad/max_time","time"
"2D Face Alignment Net Trained on 300W Large Pose Data","12/1/2/3/1/2/3/1/1/1/1/1/4/3",816,"Catenate",0.000038,0.000039166666666666665,0.000293,0,0,0,0,0,128,16,16,256,16,16,"","","","","","","","HoldForm[CatenateLayer[""Inputs"" -> {{128, 16, 16}, {128, 16, 16}}]]","1jsvb86orqmlp",0.,0.,0.,"{0.000293, 0.000045, 0.000041, 0.000039, 0.00004, 0.00004, 0.000038, 0.000039, 0.000039, 0.000047, 0.000039, 0.000039, 0.000039, 0.000039, 0.000038, 0.000039, 0.000039, 0.000071, 0.000067, 0.000043, 0.000041, 0.000039, 0.00004, 0.000039, 0.000039, 0.000039, 0.000039, 0.000039, 0.000039, 0.000039, 0.000039, 0.000039, 0.000039, 0.000039, 0.00004, 0.000039, 0.000039, 0.000039, 0.000067, 0.000168, 0.00004, 0.000039, 0.000039, 0.000039, 0.000039, 0.000039, 0.000039, 0.000039, 0.000039, 0.000039}"
