"model_name","layer_name","layer_index","kind","min_time","mean_time","max_time","add_flops","div_flops","cmp_flops","exp_flops","mad_flops","input_channel","input_height","input_width","output_channel","output_height","output_width","function","kernel_1","kernel_2","stride_1","stride_2","dilation_1","dilation_2","input_form","topology_hash","mad/min_time","mad/mean_time","mad/max_time","time"
"ResNet-101 Trained on Augmented CASIA-WebFace Data","4b16/res4b16_branch2a",242,"Convolution",0.000406,0.0004213166666666668,0.009069,0,0,0,0,51380224,1024,14,14,256,14,14,"",1,1,1,1,1,1,"HoldForm[ConvolutionLayer[256, {1, 1}, ""Stride"" -> {1, 1}, ""PaddingSize"" -> {{0, 0}, {0, 0}}, ""Dilation"" -> {1, 1}, ""Input"" -> {1024, 14, 14}]]","0659yipuh34xm",1.2655227586206897e11,1.2195155821037222e11,5.665478443047745e9,"{0.009069, 0.000634, 0.000486, 0.000488, 0.000472, 0.000424, 0.000428, 0.000417, 0.000417, 0.000417, 0.000421, 0.000427, 0.000428, 0.000427, 0.000417, 0.000408, 0.000417, 0.000416, 0.000417, 0.000417, 0.000416, 0.000417, 0.000421, 0.000413, 0.000417, 0.000467, 0.000455, 0.000458, 0.000448, 0.000433, 0.000419, 0.000428, 0.000426, 0.000422, 0.000424, 0.000417, 0.000415, 0.000415, 0.000415, 0.000415, 0.000416, 0.000418, 0.000416, 0.000415, 0.000415, 0.000417, 0.000416, 0.000415, 0.000455, 0.000479, 0.000489, 0.000462, 0.000422, 0.00042, 0.000416, 0.000416, 0.000417, 0.000421, 0.000428, 0.000427, 0.000426, 0.000536, 0.000409, 0.000406, 0.000414, 0.000416, 0.000415, 0.000408, 0.000426, 0.000425, 0.000416, 0.000453, 0.000477, 0.000466, 0.000441, 0.000422, 0.000426, 0.000429, 0.000425, 0.000415, 0.000419, 0.000425, 0.000432, 0.000441, 0.000416, 0.000415, 0.000415, 0.000421, 0.000412, 0.000415, 0.000416, 0.000406, 0.000416, 0.000416, 0.000415, 0.000478, 0.000466, 0.000449, 0.000407, 0.000413}"
