"model_name","layer_name","layer_index","kind","min_time","mean_time","max_time","add_flops","div_flops","cmp_flops","exp_flops","mad_flops","input_channel","input_height","input_width","output_channel","output_height","output_width","function","kernel_1","kernel_2","stride_1","stride_2","dilation_1","dilation_2","input_form","topology_hash","mad/min_time","mad/mean_time","mad/max_time","time"
"ResNet-152 Trained on ImageNet Competition Data","4b18/res4b18_branch2c",308,"Convolution",0.000349,0.0003599666666666667,0.003568,0,0,0,0,51380224,256,14,14,1024,14,14,"",1,1,1,1,1,1,"HoldForm[ConvolutionLayer[1024, {1, 1}, ""Stride"" -> {1, 1}, ""PaddingSize"" -> {{0, 0}, {0, 0}}, ""Dilation"" -> {1, 1}, ""Input"" -> {256, 14, 14}]]","05922ucprscvp",1.472212722063037e11,1.427360607463654e11,1.4400286995515694e10,"{0.003568, 0.000427, 0.00038, 0.000359, 0.000368, 0.000367, 0.000453, 0.000411, 0.000413, 0.000361, 0.000363, 0.000351, 0.000362, 0.00035, 0.00035, 0.000351, 0.00035, 0.000361, 0.000365, 0.000363, 0.000384, 0.000364, 0.000369, 0.000369, 0.000363, 0.000362, 0.000362, 0.000349, 0.000374, 0.000364, 0.000351, 0.00035, 0.000351, 0.000412, 0.000407, 0.000427, 0.000357, 0.000363, 0.000373, 0.000353, 0.000363, 0.000361, 0.000362, 0.00035, 0.00035, 0.000349, 0.000349, 0.00035, 0.000374, 0.000373, 0.000368, 0.000364, 0.000363, 0.00035, 0.000362, 0.000361, 0.000362, 0.000349, 0.000361, 0.00035, 0.000397, 0.000418, 0.000408, 0.000376, 0.00035, 0.00035, 0.00035, 0.00037, 0.000363, 0.000362, 0.00035, 0.000362, 0.000353, 0.000349, 0.000351, 0.000367, 0.000352, 0.000355, 0.000368, 0.000362, 0.000362, 0.00035, 0.00035, 0.000364, 0.00035, 0.00035, 0.00035, 0.000358, 0.000425, 0.000406, 0.00041, 0.00035, 0.000349, 0.000375, 0.000353, 0.00035, 0.00035, 0.000349, 0.000362, 0.000362}"
