"model_name","layer_name","layer_index","kind","min_time","mean_time","max_time","add_flops","div_flops","cmp_flops","exp_flops","mad_flops","input_channel","input_height","input_width","output_channel","output_height","output_width","function","kernel_1","kernel_2","stride_1","stride_2","dilation_1","dilation_2","input_form","topology_hash","mad/min_time","mad/mean_time","mad/max_time","time"
"BERT Trained on BookCorpus and English Wikipedia Data","encoder/10/1/attention/10/elem",697,"Elementwise",0.000015,0.000015600000000000003,0.000074,0,0,0,0,"64*LengthVar[1234191656]","LengthVar[1234191656]",64,"","LengthVar[1234191656]",64,"","ScalarFunctionObject[{ScalarSymbol[1]}, ScalarSymbol[2], <|ScalarSymbol[2] -> {Times, 0.125, ScalarSymbol[1]}|>]","","","","","","","HoldForm[ElementwiseLayer[0.125*#1 & , ""Input"" -> {""Varying"", 64}]]","1qls6pibzwobu","4.266666666666667*^6*LengthVar[1.234191656*^9]","4.1025641025641016*^6*LengthVar[1.234191656*^9]","864864.8648648649*LengthVar[1.234191656*^9]","{0.000074, 0.000019, 0.000016, 0.000017, 0.000016, 0.000015, 0.000015, 0.000016, 0.000016, 0.000015, 0.000015, 0.000015, 0.000015, 0.000015, 0.000015, 0.000016, 0.000016, 0.000016, 0.000026, 0.000016, 0.000015, 0.000015, 0.000016, 0.000016, 0.000015, 0.000016, 0.000016, 0.000016, 0.000016, 0.000016, 0.000015, 0.000015, 0.000016, 0.000015, 0.000016, 0.000016, 0.000016, 0.000015, 0.000015, 0.000015, 0.000015, 0.000015, 0.000016, 0.000016, 0.000016, 0.000016, 0.000016, 0.000015, 0.000015, 0.000015}"
