"model_name","layer_name","layer_index","kind","min_time","mean_time","max_time","add_flops","div_flops","cmp_flops","exp_flops","mad_flops","input_channel","input_height","input_width","output_channel","output_height","output_width","function","kernel_1","kernel_2","stride_1","stride_2","dilation_1","dilation_2","input_form","topology_hash","mad/min_time","mad/mean_time","mad/max_time","time"
"ResNet-101 Trained on Augmented CASIA-WebFace Data","4b8/res4b8_relu",171,"Elementwise",0.000083,0.00008428333333333329,0.000569,0,0,200704,0,200704,1024,14,14,1024,14,14,"Ramp","","","","","","","HoldForm[ElementwiseLayer[Ramp, ""Input"" -> {1024, 14, 14}]]","1k2x5pn4rbhw1",2.418120481927711e9,2.3813011666996255e9,3.527311072056239e8,"{0.000569, 0.000095, 0.000086, 0.000085, 0.000084, 0.000084, 0.000084, 0.000084, 0.000084, 0.000085, 0.000084, 0.000085, 0.000084, 0.000084, 0.000084, 0.000084, 0.000085, 0.000085, 0.000084, 0.000084, 0.000085, 0.000084, 0.000085, 0.000084, 0.000084, 0.000083, 0.000085, 0.000084, 0.000084, 0.000084, 0.000084, 0.000084, 0.000085, 0.000084, 0.000084, 0.000084, 0.000084, 0.000084, 0.000085, 0.000083, 0.000084, 0.000085, 0.000084, 0.000084, 0.000084, 0.000084, 0.000084, 0.000084, 0.000084, 0.000084, 0.000084, 0.000085, 0.000085, 0.000085, 0.000084, 0.000094, 0.000084, 0.000085, 0.000084, 0.000084, 0.000092, 0.000095, 0.000087, 0.000084, 0.000085, 0.000085, 0.000084, 0.000084, 0.000084, 0.000085, 0.000084, 0.000092, 0.000092, 0.000085, 0.000084, 0.000085, 0.000085, 0.000084, 0.000085, 0.000085, 0.000085, 0.000084, 0.000084, 0.000085, 0.000084, 0.000085, 0.000084, 0.000084, 0.000085, 0.000084, 0.000084, 0.000085, 0.000084, 0.000084, 0.000084, 0.000084, 0.000084, 0.000084, 0.000084, 0.000084}"
