"model_name","layer_name","layer_index","kind","min_time","mean_time","max_time","add_flops","div_flops","cmp_flops","exp_flops","mad_flops","input_channel","input_height","input_width","output_channel","output_height","output_width","function","kernel_1","kernel_2","stride_1","stride_2","dilation_1","dilation_2","input_form","topology_hash","mad/min_time","mad/mean_time","mad/max_time","time"
"Single-Image Depth Perception Net Trained on NYU Depth V2 and Depth in the Wild Data","4/1/1/4/1/1/4/1/2/6/3/5",331,"BatchNormalization",0.000073,0.00007536666666666665,0.000413,76800,76800,0,0,0,64,30,40,64,30,40,"","","","","","","","HoldForm[BatchNormalizationLayer[""Momentum"" -> 0.1, ""Epsilon"" -> 0.00001, ""Input"" -> {64, 30, 40}]]","0nlntm27olfpb",0.,0.,0.,"{0.000413, 0.00009, 0.000079, 0.000077, 0.000076, 0.000077, 0.000076, 0.000076, 0.000076, 0.000076, 0.000076, 0.000113, 0.000077, 0.000075, 0.000074, 0.000075, 0.000075, 0.000074, 0.000082, 0.000075, 0.000075, 0.000075, 0.000075, 0.000074, 0.000074, 0.000074, 0.000073, 0.000074, 0.000074, 0.000074, 0.000074, 0.000074, 0.000074, 0.000077, 0.000078, 0.000075, 0.000074, 0.000074, 0.000074, 0.000074, 0.000074, 0.000074, 0.000074, 0.000074, 0.000074, 0.000074, 0.000074, 0.000074, 0.000075, 0.000075, 0.000074, 0.000074, 0.000074, 0.000074, 0.000074, 0.000074, 0.000075, 0.000095, 0.000089, 0.00008, 0.000077, 0.000076, 0.000076, 0.000087, 0.00008, 0.000077, 0.000075, 0.000076, 0.000076, 0.000076, 0.000076, 0.000076, 0.000076, 0.000076, 0.000075, 0.000075, 0.000076, 0.000076, 0.000075, 0.000076, 0.000076, 0.000076, 0.000076, 0.000076, 0.000076, 0.000076, 0.000076, 0.000076, 0.000075, 0.000076, 0.000075, 0.000076, 0.000076, 0.000076, 0.000075, 0.000076, 0.000076, 0.000076, 0.000076, 0.000076}"
