"model_name","layer_name","layer_index","kind","min_time","mean_time","max_time","add_flops","div_flops","cmp_flops","exp_flops","mad_flops","input_channel","input_height","input_width","output_channel","output_height","output_width","function","kernel_1","kernel_2","stride_1","stride_2","dilation_1","dilation_2","input_form","topology_hash","mad/min_time","mad/mean_time","mad/max_time","time"
"Unguided Volumetric Regression Net for 3D Face Reconstruction","8/2/1/1/4/1/1/4/1/1/4/1/1/3/1/1/1",160,"BatchNormalization",0.000245,0.0003021999999999999,0.001861,589824,589824,0,0,0,256,48,48,256,48,48,"","","","","","","","HoldForm[BatchNormalizationLayer[""Momentum"" -> 0.1, ""Epsilon"" -> 0.00001, ""Input"" -> {256, 48, 48}]]","0yiwnx2cwqd0y",0.,0.,0.,"{0.001861, 0.000414, 0.000338, 0.000337, 0.000322, 0.000321, 0.000322, 0.000322, 0.00032, 0.000335, 0.000321, 0.000321, 0.000345, 0.000321, 0.000322, 0.000321, 0.00032, 0.000335, 0.000321, 0.00032, 0.00032, 0.000321, 0.000321, 0.00033, 0.000322, 0.000346, 0.000322, 0.00032, 0.000321, 0.00032, 0.00032, 0.000321, 0.000322, 0.000322, 0.000321, 0.000321, 0.00032, 0.000348, 0.000328, 0.000326, 0.000326, 0.000326, 0.000324, 0.000326, 0.000325, 0.000325, 0.000326, 0.000326, 0.000325, 0.000348, 0.000326, 0.000325, 0.000325, 0.000326, 0.000334, 0.000326, 0.000326, 0.000326, 0.000325, 0.000326, 0.000327, 0.000358, 0.000259, 0.000275, 0.000249, 0.000246, 0.000246, 0.000245, 0.000246, 0.000245, 0.000246, 0.000246, 0.000246, 0.000264, 0.000248, 0.000245, 0.000247, 0.00027, 0.000249, 0.000247, 0.000247, 0.000246, 0.000246, 0.000247, 0.000246, 0.000246, 0.000247, 0.000248, 0.000247, 0.000247, 0.000262, 0.000256, 0.000247, 0.000278, 0.000248, 0.000246, 0.000247, 0.000247, 0.000247, 0.000247}"
