"model_name","layer_name","layer_index","kind","min_time","mean_time","max_time","add_flops","div_flops","cmp_flops","exp_flops","mad_flops","input_channel","input_height","input_width","output_channel","output_height","output_width","function","kernel_1","kernel_2","stride_1","stride_2","dilation_1","dilation_2","input_form","topology_hash","mad/min_time","mad/mean_time","mad/max_time","time"
"ResNet-101 Trained on Augmented CASIA-WebFace Data","4b21/res4b21_branch2c",298,"Convolution",0.000646,0.0006556999999999997,0.004617,0,0,0,0,51380224,256,14,14,1024,14,14,"",1,1,1,1,1,1,"HoldForm[ConvolutionLayer[1024, {1, 1}, ""Stride"" -> {1, 1}, ""PaddingSize"" -> {{0, 0}, {0, 0}}, ""Dilation"" -> {1, 1}, ""Input"" -> {256, 14, 14}]]","05922ucprscvp",7.953595046439629e10,7.835934726246762e10,1.112848689625298e10,"{0.004617, 0.000709, 0.000672, 0.00066, 0.000658, 0.000655, 0.000702, 0.000662, 0.000654, 0.000655, 0.000661, 0.000652, 0.00068, 0.000659, 0.000654, 0.000651, 0.000654, 0.000653, 0.000691, 0.000657, 0.000655, 0.000659, 0.000656, 0.000652, 0.000708, 0.000663, 0.000655, 0.000654, 0.000651, 0.00065, 0.000674, 0.000654, 0.000653, 0.000652, 0.000656, 0.000653, 0.000679, 0.000654, 0.000651, 0.000652, 0.000664, 0.000652, 0.000674, 0.000654, 0.000649, 0.00065, 0.000649, 0.000653, 0.000674, 0.000656, 0.000659, 0.000656, 0.000687, 0.000653, 0.000674, 0.000665, 0.000653, 0.000649, 0.000651, 0.00065, 0.000673, 0.000655, 0.00065, 0.000649, 0.000656, 0.000654, 0.000676, 0.000698, 0.000653, 0.000647, 0.000657, 0.000652, 0.000671, 0.000651, 0.000647, 0.000646, 0.000646, 0.000649, 0.00067, 0.000652, 0.000653, 0.000682, 0.000697, 0.000656, 0.000669, 0.000657, 0.000647, 0.000648, 0.00065, 0.000648, 0.000646, 0.000672, 0.000651, 0.000647, 0.000652, 0.000653, 0.00065, 0.000717, 0.000659, 0.000647}"
