"model_name","layer_name","layer_index","kind","min_time","mean_time","max_time","add_flops","div_flops","cmp_flops","exp_flops","mad_flops","input_channel","input_height","input_width","output_channel","output_height","output_width","function","kernel_1","kernel_2","stride_1","stride_2","dilation_1","dilation_2","input_form","topology_hash","mad/min_time","mad/mean_time","mad/max_time","time"
"Unguided Volumetric Regression Net for 3D Face Reconstruction","8/2/1/1/4/1/1/4/1/1/4/2/1/1/3",275,"Convolution",0.001146,0.0011607166666666668,0.004588,0,0,0,0,75497472,256,48,48,128,48,48,"",1,1,1,1,1,1,"HoldForm[ConvolutionLayer[128, {1, 1}, ""Stride"" -> {1, 1}, ""PaddingSize"" -> {{0, 0}, {0, 0}}, ""Dilation"" -> {1, 1}, ""Input"" -> {256, 48, 48}]]","0qhidgmvlgzgt",6.587912041884817e10,6.5043842453656494e10,1.6455421098517872e10,"{0.004588, 0.001251, 0.001209, 0.001156, 0.001164, 0.001156, 0.001167, 0.001162, 0.001152, 0.001173, 0.001152, 0.001162, 0.001165, 0.001165, 0.001167, 0.00116, 0.001186, 0.001158, 0.001158, 0.001191, 0.001154, 0.001157, 0.001153, 0.001166, 0.001158, 0.001149, 0.001179, 0.001155, 0.001159, 0.001151, 0.001172, 0.001157, 0.001157, 0.001171, 0.001151, 0.001147, 0.001166, 0.001167, 0.001156, 0.00115, 0.001191, 0.001153, 0.001151, 0.001181, 0.00115, 0.001161, 0.001164, 0.001168, 0.001152, 0.001156, 0.001204, 0.00116, 0.001154, 0.001148, 0.001179, 0.001155, 0.001169, 0.001181, 0.001164, 0.001146, 0.001156, 0.001165, 0.00116, 0.001151, 0.001186, 0.001153, 0.001163, 0.001151, 0.001162, 0.001157, 0.001154, 0.001177, 0.001156, 0.001151, 0.001191, 0.001151, 0.001148, 0.001149, 0.001168, 0.001169, 0.001154, 0.001179, 0.001164, 0.001156, 0.001166, 0.00117, 0.001162, 0.001158, 0.001174, 0.001166, 0.001165, 0.001163, 0.001168, 0.001163, 0.001148, 0.001166, 0.001151, 0.001155, 0.001171, 0.001155}"
