"model_name","layer_name","layer_index","kind","min_time","mean_time","max_time","add_flops","div_flops","cmp_flops","exp_flops","mad_flops","input_channel","input_height","input_width","output_channel","output_height","output_width","function","kernel_1","kernel_2","stride_1","stride_2","dilation_1","dilation_2","input_form","topology_hash","mad/min_time","mad/mean_time","mad/max_time","time"
"2D Face Alignment Net Trained on 300W Large Pose Data","14/1/2/3/1/1/1/1/1/3",317,"Convolution",0.006768,0.007472316666666669,0.013334,0,0,0,0,301989888,256,32,32,128,32,32,"",3,3,1,1,1,1,"HoldForm[ConvolutionLayer[128, {3, 3}, ""Stride"" -> {1, 1}, ""PaddingSize"" -> {{1, 1}, {1, 1}}, ""Dilation"" -> {1, 1}, ""Input"" -> {256, 32, 32}]]","08qm1fo4qkpj4",4.462025531914894e10,4.041449278336258e10,2.264810919454027e10,"{0.013334, 0.007855, 0.007729, 0.007674, 0.007634, 0.007625, 0.00758, 0.007643, 0.007588, 0.007736, 0.007676, 0.007654, 0.007615, 0.007591, 0.006874, 0.006922, 0.006969, 0.006947, 0.006951, 0.006979, 0.006926, 0.006903, 0.006904, 0.006918, 0.006848, 0.006871, 0.006879, 0.00684, 0.006914, 0.006854, 0.006824, 0.006816, 0.006822, 0.006846, 0.006787, 0.00679, 0.006826, 0.006768, 0.006851, 0.006834, 0.006813, 0.006791, 0.006837, 0.007344, 0.007549, 0.007554, 0.007588, 0.007558, 0.007551, 0.007554, 0.007568, 0.007595, 0.007565, 0.007559, 0.007538, 0.007606, 0.007536, 0.007633, 0.007511, 0.007557, 0.007526, 0.007613, 0.007535, 0.007555, 0.007551, 0.007512, 0.007628, 0.007577, 0.007591, 0.007539, 0.007511, 0.00756, 0.007617, 0.007638, 0.007635, 0.00762, 0.007774, 0.007671, 0.007703, 0.007658, 0.007636, 0.007579, 0.007627, 0.007636, 0.007598, 0.007581, 0.007534, 0.007559, 0.007589, 0.007612, 0.007695, 0.007627, 0.007586, 0.007562, 0.007577, 0.007506, 0.007527, 0.007592, 0.007586, 0.007631}"
