"model_name","layer_name","layer_index","kind","min_time","mean_time","max_time","add_flops","div_flops","cmp_flops","exp_flops","mad_flops","input_channel","input_height","input_width","output_channel","output_height","output_width","function","kernel_1","kernel_2","stride_1","stride_2","dilation_1","dilation_2","input_form","topology_hash","mad/min_time","mad/mean_time","mad/max_time","time"
"2D Face Alignment Net Trained on 300W Large Pose Data","15/1/2/3/1/2/3/1/2/4/1/1/4/2/2/1",218,"Elementwise",0.000016,0.00002310000000000001,0.000162,0,0,0,0,0,64,8,8,64,8,8,"ScalarFunctionObject[{ScalarSymbol[1]}, ScalarSymbol[1], <||>]","","","","","","","HoldForm[ElementwiseLayer[#1 & , ""Input"" -> {64, 8, 8}]]","1796e0zcqmkgt",0.,0.,0.,"{0.000162, 0.000022, 0.000026, 0.000025, 0.000018, 0.000016, 0.000017, 0.000017, 0.000025, 0.000023, 0.000023, 0.000023, 0.000023, 0.000024, 0.000023, 0.000024, 0.000024, 0.000024, 0.000023, 0.000023, 0.000023, 0.000024, 0.000023, 0.000023, 0.000023, 0.000024, 0.000023, 0.000023, 0.000023, 0.000023, 0.000023, 0.000023, 0.000023, 0.000023, 0.000023, 0.000023, 0.000023, 0.000023, 0.000024, 0.000023, 0.000023, 0.000023, 0.000023, 0.000023, 0.000023, 0.000023, 0.000024, 0.000023, 0.000023, 0.000023, 0.000023, 0.000023, 0.000024, 0.000024, 0.000023, 0.000023, 0.000024, 0.000024, 0.000023, 0.000023, 0.000022, 0.000023, 0.000023, 0.000023, 0.000023, 0.000023, 0.000023, 0.000024, 0.000024, 0.000023, 0.000023, 0.000023, 0.000023, 0.000023, 0.000023, 0.000023, 0.000023, 0.000024, 0.000023, 0.000024, 0.000023, 0.000023, 0.000023, 0.000023, 0.000023, 0.000024, 0.000023, 0.000024, 0.000023, 0.000024, 0.000024, 0.000024, 0.000024, 0.000023, 0.000023, 0.000023, 0.000023, 0.000023, 0.000023, 0.000023}"
