"model_name","layer_name","layer_index","kind","min_time","mean_time","max_time","add_flops","div_flops","cmp_flops","exp_flops","mad_flops","input_channel","input_height","input_width","output_channel","output_height","output_width","function","kernel_1","kernel_2","stride_1","stride_2","dilation_1","dilation_2","input_form","topology_hash","mad/min_time","mad/mean_time","mad/max_time","time"
"Single-Image Depth Perception Net Trained on NYU Depth V2 Data","4/1/1/5/3/3",443,"Elementwise",0.000523,0.0005306333333333332,0.003477,0,0,1228800,0,1228800,64,120,160,64,120,160,"Ramp","","","","","","","HoldForm[ElementwiseLayer[Ramp, ""Input"" -> {64, 120, 160}]]","1ojt99t3ky0rb",2.3495219885277247e9,2.3157233494566245e9,3.534081104400345e8,"{0.003477, 0.000763, 0.000643, 0.00057, 0.00053, 0.000526, 0.000528, 0.000523, 0.000524, 0.000542, 0.000554, 0.000549, 0.000532, 0.000532, 0.000533, 0.00053, 0.00053, 0.000531, 0.000527, 0.000526, 0.000524, 0.000523, 0.000541, 0.000534, 0.000541, 0.00057, 0.000537, 0.000536, 0.000533, 0.000534, 0.00054, 0.000529, 0.000549, 0.000529, 0.00053, 0.000527, 0.000525, 0.000526, 0.00053, 0.000528, 0.000551, 0.000528, 0.000524, 0.000527, 0.000529, 0.000527, 0.000532, 0.000549, 0.000525, 0.000534, 0.000526, 0.000526, 0.000533, 0.000533, 0.00053, 0.000555, 0.00053, 0.000531, 0.000529, 0.000528, 0.000528, 0.000532, 0.000566, 0.000531, 0.000527, 0.000544, 0.00053, 0.000545, 0.000533, 0.000528, 0.00056, 0.00053, 0.000528, 0.000527, 0.000528, 0.000529, 0.000531, 0.00055, 0.000527, 0.000527, 0.000526, 0.000534, 0.000536, 0.000529, 0.000527, 0.000552, 0.00054, 0.000527, 0.000526, 0.000528, 0.000525, 0.000529, 0.000551, 0.000528, 0.000528, 0.000529, 0.000527, 0.000526, 0.000525, 0.000529}"
