"model_name","layer_name","layer_index","kind","min_time","mean_time","max_time","add_flops","div_flops","cmp_flops","exp_flops","mad_flops","input_channel","input_height","input_width","output_channel","output_height","output_width","function","kernel_1","kernel_2","stride_1","stride_2","dilation_1","dilation_2","input_form","topology_hash","mad/min_time","mad/mean_time","mad/max_time","time"
"Squeeze-and-Excitation Net Trained on ImageNet Competition Data","2c/conv2_3_prob",60,"Elementwise",0.000025,0.00002556666666666667,0.000149,256,256,0,256,0,256,"","",256,"","","LogisticSigmoid","","","","","","","HoldForm[ElementwiseLayer[LogisticSigmoid, ""Input"" -> 256]]","05eku362w6kni",0.,0.,0.,"{0.000149, 0.00003, 0.000027, 0.000027, 0.000026, 0.000026, 0.000026, 0.000025, 0.000025, 0.00005, 0.000028, 0.000026, 0.000025, 0.000026, 0.000026, 0.000025, 0.000025, 0.000025, 0.000026, 0.000025, 0.000026, 0.000026, 0.000026, 0.000026, 0.000026, 0.000025, 0.000026, 0.000026, 0.000026, 0.000026, 0.000026, 0.000026, 0.000025, 0.000025, 0.000026, 0.000026, 0.000025, 0.000025, 0.000026, 0.000026, 0.000025, 0.000025, 0.000026, 0.000025, 0.000025, 0.000026, 0.000026, 0.000025, 0.000025, 0.000025, 0.000026, 0.000025, 0.000026, 0.000025, 0.000026, 0.000026, 0.000026, 0.000026, 0.000025, 0.000025, 0.000025, 0.000026, 0.000026, 0.000026, 0.000026, 0.000025, 0.000026, 0.000026, 0.000025, 0.000025, 0.000025, 0.000026, 0.000026, 0.000026, 0.000026, 0.000025, 0.000025, 0.000026, 0.000026, 0.000026, 0.000025, 0.000025, 0.000026, 0.000026, 0.000025, 0.000025, 0.000026, 0.000025, 0.000025, 0.000025, 0.000026, 0.000025, 0.000025, 0.000025, 0.000025, 0.000025, 0.000025, 0.000025, 0.000025, 0.000025}"
