"model_name","layer_name","layer_index","kind","min_time","mean_time","max_time","add_flops","div_flops","cmp_flops","exp_flops","mad_flops","input_channel","input_height","input_width","output_channel","output_height","output_width","function","kernel_1","kernel_2","stride_1","stride_2","dilation_1","dilation_2","input_form","topology_hash","mad/min_time","mad/mean_time","mad/max_time","time"
"2D Face Alignment Net Trained on 300W Large Pose Data","11/7/1/1/4/2/1/2",43,"Elementwise",0.00021,0.00021353333333333326,0.00125,0,0,524288,0,524288,128,64,64,128,64,64,"Ramp","","","","","","","HoldForm[ElementwiseLayer[Ramp, ""Input"" -> {128, 64, 64}]]","1hgvs9hyt3yrr",2.4966095238095236e9,2.4552981579768977e9,4.194304e8,"{0.00125, 0.000269, 0.00022, 0.000214, 0.000214, 0.000214, 0.000215, 0.000215, 0.000215, 0.000212, 0.000227, 0.000214, 0.000239, 0.000214, 0.000212, 0.000212, 0.00021, 0.000212, 0.000212, 0.000211, 0.000212, 0.000213, 0.000213, 0.000212, 0.000213, 0.000214, 0.000226, 0.000224, 0.000213, 0.000211, 0.000237, 0.000224, 0.000213, 0.000212, 0.000211, 0.000212, 0.000211, 0.000211, 0.000212, 0.000212, 0.000212, 0.000212, 0.000211, 0.000211, 0.000211, 0.000213, 0.000212, 0.000212, 0.000212, 0.000236, 0.000215, 0.000211, 0.000211, 0.000211, 0.000212, 0.000212, 0.000212, 0.000211, 0.00021, 0.000211, 0.000211, 0.000213, 0.000211, 0.000212, 0.000212, 0.000212, 0.000211, 0.000212, 0.000235, 0.000216, 0.000215, 0.000214, 0.000214, 0.000214, 0.000214, 0.000213, 0.000214, 0.000222, 0.000214, 0.000215, 0.000215, 0.000215, 0.000214, 0.000214, 0.000213, 0.000214, 0.000242, 0.000218, 0.000216, 0.000217, 0.000217, 0.000217, 0.000216, 0.000217, 0.000217, 0.000217, 0.000216, 0.000217, 0.000216, 0.000216}"
