"model_name","layer_name","layer_index","kind","min_time","mean_time","max_time","add_flops","div_flops","cmp_flops","exp_flops","mad_flops","input_channel","input_height","input_width","output_channel","output_height","output_width","function","kernel_1","kernel_2","stride_1","stride_2","dilation_1","dilation_2","input_form","topology_hash","mad/min_time","mad/mean_time","mad/max_time","time"
"Squeeze-and-Excitation Net Trained on ImageNet Competition Data","4s/conv4_19_scale_expand1",524,"Replicate",0.00586,0.005891950000000003,0.006428,0,0,0,0,0,1024,"","",1024,14,14,"","","","","","","","HoldForm[ReplicateLayer[{14, 14}, 2, ""Input"" -> 1024]]","0cdq5bjfjaeti",0.,0.,0.,"{0.006428, 0.005896, 0.005909, 0.005893, 0.005898, 0.005887, 0.005896, 0.005893, 0.005896, 0.005886, 0.005894, 0.005885, 0.005902, 0.005897, 0.005902, 0.00586, 0.005887, 0.005897, 0.00589, 0.005903, 0.005889, 0.005896, 0.005885, 0.005895, 0.005892, 0.005894, 0.005888, 0.005896, 0.005882, 0.005891, 0.005877, 0.005897, 0.005887, 0.005894, 0.005889, 0.005885, 0.0059, 0.005885, 0.005902, 0.005887, 0.005896, 0.005903, 0.00589, 0.005892, 0.005896, 0.005884, 0.0059, 0.005876, 0.005902, 0.00589, 0.005892, 0.005861, 0.00591, 0.005881, 0.005878, 0.005899, 0.005888, 0.005893, 0.005893, 0.005886, 0.00589, 0.005897, 0.005888, 0.005899, 0.005877, 0.005901, 0.005883, 0.0059, 0.005893, 0.005893, 0.005895, 0.005885, 0.005892, 0.005887, 0.005893, 0.005894, 0.005886, 0.005892, 0.005897, 0.005884, 0.0059, 0.005876, 0.0059, 0.005877, 0.005902, 0.005887, 0.005879, 0.005892, 0.005886, 0.005895, 0.005887, 0.005897, 0.005892, 0.005886, 0.005889, 0.005889, 0.005899, 0.005908, 0.005883, 0.005901}"
