"model_name","layer_name","layer_index","kind","min_time","mean_time","max_time","add_flops","div_flops","cmp_flops","exp_flops","mad_flops","input_channel","input_height","input_width","output_channel","output_height","output_width","function","kernel_1","kernel_2","stride_1","stride_2","dilation_1","dilation_2","input_form","topology_hash","mad/min_time","mad/mean_time","mad/max_time","time"
"ResNet-152 Trained on ImageNet Competition Data","4b30/res4b30",430,"Total",0.000212,0.00021408333333333324,0.000829,200704,0,0,0,0,1024,14,14,1024,14,14,"","","","","","","","HoldForm[TotalLayer[""Inputs"" -> {{1024, 14, 14}, {1024, 14, 14}}]]","0krmdiyn3vw17",0.,0.,0.,"{0.000829, 0.000235, 0.000217, 0.000214, 0.000215, 0.000214, 0.000214, 0.000213, 0.000232, 0.000217, 0.000214, 0.000213, 0.000213, 0.000214, 0.000214, 0.000214, 0.000214, 0.000238, 0.000214, 0.000213, 0.000214, 0.000213, 0.000214, 0.000214, 0.000212, 0.000214, 0.000214, 0.000223, 0.000213, 0.000213, 0.000214, 0.000213, 0.000213, 0.000213, 0.000213, 0.000214, 0.000235, 0.000214, 0.000213, 0.000213, 0.000213, 0.000212, 0.00023, 0.000216, 0.000213, 0.000213, 0.000213, 0.000213, 0.000212, 0.000213, 0.000212, 0.000212, 0.000213, 0.000212, 0.000236, 0.000218, 0.000216, 0.000215, 0.000215, 0.000214, 0.000215, 0.000214, 0.000215, 0.000214, 0.000216, 0.000214, 0.000214, 0.000219, 0.000215, 0.000214, 0.000215, 0.000213, 0.000214, 0.000218, 0.000221, 0.000213, 0.000213, 0.000212, 0.000212, 0.000212, 0.000227, 0.000217, 0.000215, 0.000214, 0.000214, 0.000214, 0.000214, 0.000214, 0.000215, 0.000215, 0.000215, 0.000241, 0.000216, 0.000214, 0.000215, 0.000214, 0.000215, 0.000214, 0.000215, 0.000215}"
