"model_name","layer_name","layer_index","kind","min_time","mean_time","max_time","add_flops","div_flops","cmp_flops","exp_flops","mad_flops","input_channel","input_height","input_width","output_channel","output_height","output_width","function","kernel_1","kernel_2","stride_1","stride_2","dilation_1","dilation_2","input_form","topology_hash","mad/min_time","mad/mean_time","mad/max_time","time"
"Single-Image Depth Perception Net Trained on NYU Depth V2 and Depth in the Wild Data","4/1/1/4/1/1/6/3/2",374,"BatchNormalization",0.000082,0.00008296666666666665,0.000393,153600,153600,0,0,0,32,60,80,32,60,80,"","","","","","","","HoldForm[BatchNormalizationLayer[""Momentum"" -> 0.1, ""Epsilon"" -> 0.00001, ""Input"" -> {32, 60, 80}]]","1ufvy7yzhbjzd",0.,0.,0.,"{0.000393, 0.000093, 0.000087, 0.000085, 0.000085, 0.000108, 0.000091, 0.000084, 0.000084, 0.000084, 0.000084, 0.000082, 0.000082, 0.000082, 0.000083, 0.000082, 0.000084, 0.000083, 0.000082, 0.000082, 0.000082, 0.000082, 0.000083, 0.000083, 0.000083, 0.000082, 0.000083, 0.00009, 0.000083, 0.000082, 0.000083, 0.000082, 0.000083, 0.000082, 0.000083, 0.000108, 0.00011, 0.000086, 0.000082, 0.000082, 0.000083, 0.000083, 0.000082, 0.000082, 0.000082, 0.000082, 0.000083, 0.000083, 0.000083, 0.000083}"
