"model_name","layer_name","layer_index","kind","min_time","mean_time","max_time","add_flops","div_flops","cmp_flops","exp_flops","mad_flops","input_channel","input_height","input_width","output_channel","output_height","output_width","function","kernel_1","kernel_2","stride_1","stride_2","dilation_1","dilation_2","input_form","topology_hash","mad/min_time","mad/mean_time","mad/max_time","time"
"Unguided Volumetric Regression Net for 3D Face Reconstruction","8/2/1/1/4/1/1/4/1/1/4/1/2/2/1/1/1",172,"BatchNormalization",0.000084,0.00008573333333333332,0.00038,147456,147456,0,0,0,256,24,24,256,24,24,"","","","","","","","HoldForm[BatchNormalizationLayer[""Momentum"" -> 0.1, ""Epsilon"" -> 0.00001, ""Input"" -> {256, 24, 24}]]","1jynvaskpa8ft",0.,0.,0.,"{0.00038, 0.000098, 0.000088, 0.000087, 0.000086, 0.000085, 0.000086, 0.000105, 0.000091, 0.000086, 0.000085, 0.000086, 0.000085, 0.000085, 0.000084, 0.000085, 0.000085, 0.000085, 0.000084, 0.000085, 0.000085, 0.000085, 0.000085, 0.000085, 0.000085, 0.000085, 0.000085, 0.000085, 0.000085, 0.000086, 0.000085, 0.000085, 0.000085, 0.000085, 0.000085, 0.000085, 0.000085, 0.00009, 0.000091, 0.000086, 0.000116, 0.00009, 0.00011, 0.000093, 0.000086, 0.000108, 0.000091, 0.000085, 0.000085, 0.000085}"
