"model_name","layer_name","layer_index","kind","min_time","mean_time","max_time","add_flops","div_flops","cmp_flops","exp_flops","mad_flops","input_channel","input_height","input_width","output_channel","output_height","output_width","function","kernel_1","kernel_2","stride_1","stride_2","dilation_1","dilation_2","input_form","topology_hash","mad/min_time","mad/mean_time","mad/max_time","time"
"ResNet-101 Trained on Augmented CASIA-WebFace Data","2a/res2a_branch2b",11,"Convolution",0.003045,0.0030890000000000006,0.006661,0,0,0,0,115605504,64,56,56,64,56,56,"",3,3,1,1,1,1,"HoldForm[ConvolutionLayer[64, {3, 3}, ""Stride"" -> {1, 1}, ""PaddingSize"" -> {{1, 1}, {1, 1}}, ""Dilation"" -> {1, 1}, ""Input"" -> {64, 56, 56}]]","0uz07f73bs44a",3.796568275862069e10,3.742489608287471e10,1.735557784116499e10,"{0.006661, 0.003224, 0.003178, 0.003142, 0.003109, 0.003077, 0.003092, 0.003103, 0.003079, 0.00308, 0.003074, 0.0031, 0.003112, 0.003095, 0.003104, 0.003091, 0.003084, 0.003096, 0.003059, 0.003092, 0.003091, 0.003094, 0.003096, 0.003045, 0.003073, 0.00311, 0.003081, 0.003061, 0.003098, 0.00308, 0.003087, 0.003059, 0.003103, 0.003087, 0.003104, 0.003097, 0.00306, 0.003082, 0.003108, 0.003094, 0.003059, 0.003088, 0.003076, 0.003084, 0.003077, 0.003068, 0.003075, 0.003101, 0.00309, 0.003055}"
