"model_name","layer_name","layer_index","kind","min_time","mean_time","max_time","add_flops","div_flops","cmp_flops","exp_flops","mad_flops","input_channel","input_height","input_width","output_channel","output_height","output_width","function","kernel_1","kernel_2","stride_1","stride_2","dilation_1","dilation_2","input_form","topology_hash","mad/min_time","mad/mean_time","mad/max_time","time"
"Inception V1 Trained on ImageNet Competition Data","inception_4b/3x3_reduce",59,"Convolution",0.000198,0.0002000333333333334,0.000316,0,0,0,0,11239424,512,14,14,112,14,14,"",1,1,1,1,1,1,"HoldForm[ConvolutionLayer[112, {1, 1}, ""Stride"" -> {1, 1}, ""PaddingSize"" -> {{0, 0}, {0, 0}}, ""Dilation"" -> {1, 1}, ""Input"" -> {512, 14, 14}]]","19yfqgopa61qf",5.6764767676767685e10,5.61877553741043e10,3.556779746835443e10,"{0.000316, 0.000208, 0.000201, 0.0002, 0.000241, 0.00021, 0.000201, 0.0002, 0.0002, 0.0002, 0.0002, 0.000199, 0.000199, 0.000199, 0.000199, 0.0002, 0.000199, 0.000199, 0.000199, 0.000218, 0.000207, 0.0002, 0.0002, 0.000223, 0.000229, 0.000202, 0.000199, 0.000199, 0.000199, 0.000199, 0.000225, 0.000206, 0.0002, 0.000199, 0.000199, 0.000199, 0.0002, 0.000198, 0.000199, 0.000199, 0.000199, 0.000199, 0.000199, 0.000237, 0.000204, 0.0002, 0.0002, 0.000199, 0.000199, 0.000199}"
