"model_name","layer_name","layer_index","kind","min_time","mean_time","max_time","add_flops","div_flops","cmp_flops","exp_flops","mad_flops","input_channel","input_height","input_width","output_channel","output_height","output_width","function","kernel_1","kernel_2","stride_1","stride_2","dilation_1","dilation_2","input_form","topology_hash","mad/min_time","mad/mean_time","mad/max_time","time"
"2D Face Alignment Net Trained on 300W Large Pose Data","13/1/2/3/1/2/4/1/1/4/2/2/2/3",696,"Convolution",0.000522,0.0005333499999999999,0.004147,0,0,0,0,9437184,64,16,16,64,16,16,"",3,3,1,1,1,1,"HoldForm[ConvolutionLayer[64, {3, 3}, ""Stride"" -> {1, 1}, ""PaddingSize"" -> {{1, 1}, {1, 1}}, ""Dilation"" -> {1, 1}, ""Input"" -> {64, 16, 16}]]","002q65od47ssq",1.8078896551724136e10,1.769416705727946e10,2.2756653002170243e9,"{0.004147, 0.000586, 0.000545, 0.00053, 0.000529, 0.000527, 0.000529, 0.000522, 0.000546, 0.000576, 0.000533, 0.000568, 0.000533, 0.000556, 0.000535, 0.000548, 0.000542, 0.00053, 0.000527, 0.000526, 0.000527, 0.000527, 0.000524, 0.000543, 0.000572, 0.000528, 0.000527, 0.000566, 0.000536, 0.000528, 0.00055, 0.000534, 0.000561, 0.000534, 0.00054, 0.000526, 0.000526, 0.000528, 0.000541, 0.000528, 0.000529, 0.000538, 0.00055, 0.000544, 0.000527, 0.000549, 0.000576, 0.000535, 0.000527, 0.000526, 0.000557, 0.000533, 0.000551, 0.000544, 0.00053, 0.000526, 0.000527, 0.000529, 0.000524, 0.000524, 0.000547, 0.000527, 0.000524, 0.000526, 0.000525, 0.000571, 0.000536, 0.000536, 0.000528, 0.000563, 0.000529, 0.000538, 0.000534, 0.000525, 0.00053, 0.000546, 0.00053, 0.000528, 0.000523, 0.000527, 0.000526, 0.000526, 0.000545, 0.000534, 0.000569, 0.000533, 0.000527, 0.0006, 0.000568, 0.000531, 0.000552, 0.000529, 0.000527, 0.000525, 0.000525, 0.000526, 0.000525, 0.000545, 0.00053, 0.000523}"
