"model_name","layer_name","layer_index","kind","min_time","mean_time","max_time","add_flops","div_flops","cmp_flops","exp_flops","mad_flops","input_channel","input_height","input_width","output_channel","output_height","output_width","function","kernel_1","kernel_2","stride_1","stride_2","dilation_1","dilation_2","input_form","topology_hash","mad/min_time","mad/mean_time","mad/max_time","time"
"3D Face Alignment Net Trained on 300W Large Pose Data","15/1/2/3/1/2/3/1/2/3/1/2/2/1/1/4/2/2/2/3",174,"Convolution",0.000075,0.0000761166666666667,0.003375,0,0,0,0,589824,64,4,4,64,4,4,"",3,3,1,1,1,1,"HoldForm[ConvolutionLayer[64, {3, 3}, ""Stride"" -> {1, 1}, ""PaddingSize"" -> {{1, 1}, {1, 1}}, ""Dilation"" -> {1, 1}, ""Input"" -> {64, 4, 4}]]","1q4duk73bmnra",7.86432e9,7.748946792204946e9,1.747626666666667e8,"{0.003375, 0.000112, 0.000085, 0.00008, 0.000079, 0.000077, 0.000077, 0.000076, 0.000078, 0.000077, 0.000077, 0.000076, 0.000076, 0.000076, 0.000077, 0.000076, 0.000076, 0.000076, 0.000076, 0.000077, 0.000076, 0.000076, 0.000075, 0.000076, 0.000075, 0.000075, 0.000076, 0.000076, 0.000076, 0.000076, 0.000076, 0.000076, 0.000076, 0.000136, 0.000115, 0.000078, 0.000076, 0.000077, 0.000076, 0.000076, 0.000076, 0.000076, 0.000077, 0.000076, 0.000076, 0.000076, 0.000075, 0.000076, 0.000076, 0.000076, 0.000076, 0.000076, 0.000075, 0.000076, 0.000077, 0.000076, 0.000076, 0.000075, 0.000075, 0.000076, 0.000075, 0.000103, 0.000078, 0.000076, 0.000075, 0.000076, 0.000076, 0.000075, 0.000075, 0.000075, 0.000076, 0.000075, 0.000075, 0.000076, 0.000076, 0.000077, 0.000076, 0.000075, 0.000075, 0.000076, 0.000075, 0.000075, 0.000075, 0.000075, 0.000096, 0.000077, 0.000077, 0.000076, 0.000076, 0.000077, 0.000076, 0.000076, 0.000075, 0.000076, 0.000104, 0.000082, 0.000077, 0.000077, 0.000076, 0.000075}"
