"model_name","layer_name","layer_index","kind","min_time","mean_time","max_time","add_flops","div_flops","cmp_flops","exp_flops","mad_flops","input_channel","input_height","input_width","output_channel","output_height","output_width","function","kernel_1","kernel_2","stride_1","stride_2","dilation_1","dilation_2","input_form","topology_hash","mad/min_time","mad/mean_time","mad/max_time","time"
"Unguided Volumetric Regression Net for 3D Face Reconstruction","9/2/1/1/4/1/1/4/1/2/3/1/1/9",797,"Convolution",0.000328,0.0003351,0.000685,0,0,0,0,18874368,128,24,24,256,24,24,"",1,1,1,1,1,1,"HoldForm[ConvolutionLayer[256, {1, 1}, ""Stride"" -> {1, 1}, ""PaddingSize"" -> {{0, 0}, {0, 0}}, ""Dilation"" -> {1, 1}, ""Input"" -> {128, 24, 24}]]","10onybid92hx5",5.7543804878048775e10,5.632458370635631e10,2.7553821897810223e10,"{0.000685, 0.000342, 0.000332, 0.000329, 0.000331, 0.00033, 0.000329, 0.00033, 0.000359, 0.000334, 0.000331, 0.000352, 0.000341, 0.00033, 0.000329, 0.000329, 0.000328, 0.000358, 0.000337, 0.00033, 0.000365, 0.000335, 0.00033, 0.00033, 0.000329, 0.000353, 0.000403, 0.000336, 0.000329, 0.000328, 0.000328, 0.000418, 0.000344, 0.000335, 0.000334, 0.000334, 0.000333, 0.000333, 0.000334, 0.000333, 0.000333, 0.000352, 0.000342, 0.000363, 0.000337, 0.000333, 0.000354, 0.00034, 0.000334, 0.000333}"
