"model_name","layer_name","layer_index","kind","min_time","mean_time","max_time","add_flops","div_flops","cmp_flops","exp_flops","mad_flops","input_channel","input_height","input_width","output_channel","output_height","output_width","function","kernel_1","kernel_2","stride_1","stride_2","dilation_1","dilation_2","input_form","topology_hash","mad/min_time","mad/mean_time","mad/max_time","time"
"Single-Image Depth Perception Net Trained on NYU Depth V2 and Depth in the Wild Data","4/1/1/4/1/1/4/1/2/3/3/1",170,"Convolution",0.0002,0.00020306666666666668,0.000352,0,0,0,0,9830400,256,30,40,32,30,40,"",1,1,1,1,1,1,"HoldForm[ConvolutionLayer[32, {1, 1}, ""Stride"" -> {1, 1}, ""PaddingSize"" -> {{0, 0}, {0, 0}}, ""Dilation"" -> {1, 1}, ""Input"" -> {256, 30, 40}]]","020eo88iz4wnl",4.9152e10,4.84097176625082e10,2.7927272727272728e10,"{0.000352, 0.000214, 0.000206, 0.000204, 0.000235, 0.000207, 0.000261, 0.000209, 0.000203, 0.000202, 0.000202, 0.000202, 0.000202, 0.000202, 0.000201, 0.000201, 0.000201, 0.000202, 0.000215, 0.000203, 0.000202, 0.000202, 0.000202, 0.000249, 0.00021, 0.000203, 0.000202, 0.000201, 0.000202, 0.000202, 0.000203, 0.000252, 0.000209, 0.000221, 0.000204, 0.000202, 0.000202, 0.000201, 0.000201, 0.000201, 0.000201, 0.000201, 0.000229, 0.000205, 0.000203, 0.000202, 0.000201, 0.000201, 0.000201, 0.0002}"
