"model_name","layer_name","layer_index","kind","min_time","mean_time","max_time","add_flops","div_flops","cmp_flops","exp_flops","mad_flops","input_channel","input_height","input_width","output_channel","output_height","output_width","function","kernel_1","kernel_2","stride_1","stride_2","dilation_1","dilation_2","input_form","topology_hash","mad/min_time","mad/mean_time","mad/max_time","time"
"SSD-VGG-512 Trained on MS-COCO Data","1/1/multiboxLayer6/multiboxClasses/1",94,"Convolution",0.000296,0.0003003666666666667,0.000374,0,0,0,0,2985984,256,2,2,324,2,2,"",3,3,1,1,1,1,"HoldForm[ConvolutionLayer[324, {3, 3}, ""Stride"" -> {1, 1}, ""PaddingSize"" -> {{1, 1}, {1, 1}}, ""Dilation"" -> {1, 1}, ""Input"" -> {256, 2, 2}]]","0ubyniueo5gdh",1.0087783783783783e10,9.941129730329597e9,7.983914438502674e9,"{0.000374, 0.000304, 0.000302, 0.000298, 0.000297, 0.000312, 0.000298, 0.000298, 0.000324, 0.00033, 0.000298, 0.000319, 0.000302, 0.000298, 0.000297, 0.000297, 0.000297, 0.000296, 0.000296, 0.000298, 0.000296, 0.000297, 0.000333, 0.000299, 0.000296, 0.000318, 0.0003, 0.000321, 0.0003, 0.000297, 0.000296, 0.000296, 0.000297, 0.000296, 0.000296, 0.000327, 0.000303, 0.0003, 0.000311, 0.0003, 0.0003, 0.0003, 0.0003, 0.0003, 0.00032, 0.000303, 0.0003, 0.0003, 0.000329, 0.000302}"
