"model_name","layer_name","layer_index","kind","min_time","mean_time","max_time","add_flops","div_flops","cmp_flops","exp_flops","mad_flops","input_channel","input_height","input_width","output_channel","output_height","output_width","function","kernel_1","kernel_2","stride_1","stride_2","dilation_1","dilation_2","input_form","topology_hash","mad/min_time","mad/mean_time","mad/max_time","time"
"CycleGAN Summer-to-Winter Translation","1",1,"Elementwise",0.000253,0.0002560333333333333,0.00093,196608,0,0,0,196608,3,256,256,3,256,256,"ScalarFunctionObject[{ScalarSymbol[1]}, ScalarSymbol[3], <|ScalarSymbol[2] -> {Times, 2., ScalarSymbol[1]}, ScalarSymbol[3] -> {Plus, -1., ScalarSymbol[2]}|>]","","","","","","","HoldForm[ElementwiseLayer[-1 + 2*#1 & , ""Input"" -> {3, 256, 256}]]","11ptpdv15gmia",7.771067193675889e8,7.679000130191383e8,2.1140645161290324e8,"{0.00093, 0.000274, 0.000259, 0.000255, 0.000255, 0.000272, 0.000269, 0.000255, 0.000254, 0.000294, 0.000261, 0.000255, 0.000255, 0.000254, 0.000255, 0.000254, 0.000253, 0.000254, 0.000254, 0.000255, 0.000257, 0.000281, 0.000259, 0.000258, 0.000257, 0.000258, 0.000257, 0.000257, 0.000258, 0.000257, 0.000258, 0.000257, 0.000258, 0.000258, 0.000258, 0.000257, 0.000305, 0.000262, 0.00026, 0.000322, 0.00026, 0.000256, 0.000256, 0.000256, 0.000266, 0.000255, 0.000253, 0.000255, 0.000292, 0.000259, 0.000255, 0.000274, 0.000257, 0.000255, 0.000254, 0.000255, 0.000254, 0.000255, 0.000254, 0.000254, 0.000254, 0.000254, 0.000255, 0.000255, 0.000254, 0.000255, 0.000268, 0.000256, 0.000253, 0.000255, 0.000254, 0.000254, 0.000253, 0.000254, 0.000254, 0.000256, 0.000257, 0.000281, 0.000257, 0.000255, 0.000255, 0.000254, 0.000274, 0.000256, 0.000255, 0.000313, 0.000298, 0.000259, 0.000256, 0.000255, 0.000254, 0.000254, 0.000254, 0.000254, 0.000254, 0.000253, 0.000254, 0.00027, 0.000256, 0.000255}"
