"model_name","layer_name","layer_index","kind","min_time","mean_time","max_time","add_flops","div_flops","cmp_flops","exp_flops","mad_flops","input_channel","input_height","input_width","output_channel","output_height","output_width","function","kernel_1","kernel_2","stride_1","stride_2","dilation_1","dilation_2","input_form","topology_hash","mad/min_time","mad/mean_time","mad/max_time","time"
"Dilated ResNet-105 Trained on Cityscapes Data","relu64",221,"Elementwise",0.001068,0.001151766666666667,0.006246,0,0,2097152,0,2097152,256,64,128,256,64,128,"Ramp","","","","","","","HoldForm[ElementwiseLayer[Ramp, ""Input"" -> {256, 64, 128}]]","1dq53uhc5a1i5",1.9636254681647942e9,1.8208132434231465e9,3.357592058917707e8,"{0.006246, 0.001596, 0.001489, 0.001381, 0.001225, 0.001141, 0.001138, 0.001147, 0.001163, 0.001137, 0.001143, 0.001165, 0.001125, 0.001126, 0.00111, 0.001152, 0.001196, 0.001141, 0.00116, 0.001191, 0.001235, 0.001173, 0.001215, 0.001219, 0.001273, 0.001275, 0.001256, 0.001267, 0.001301, 0.001173, 0.001122, 0.001142, 0.001117, 0.001167, 0.001107, 0.001113, 0.001162, 0.00121, 0.001143, 0.001082, 0.00108, 0.001095, 0.001155, 0.001134, 0.001151, 0.001211, 0.001218, 0.001138, 0.00114, 0.001184, 0.001196, 0.001175, 0.001203, 0.001286, 0.001251, 0.001202, 0.001184, 0.001179, 0.001218, 0.001175, 0.001147, 0.001128, 0.001199, 0.001204, 0.001129, 0.001078, 0.0011, 0.001069, 0.001068, 0.001096, 0.001084, 0.001151, 0.001198, 0.001174, 0.001117, 0.001126, 0.001215, 0.001109, 0.001095, 0.001126, 0.001108, 0.001129, 0.00112, 0.001154, 0.001088, 0.001112, 0.001101, 0.001118, 0.001135, 0.001092, 0.00114, 0.001102, 0.001073, 0.001081, 0.001117, 0.001106, 0.001123, 0.001156, 0.001157, 0.001183}"
