"model_name","layer_name","layer_index","kind","min_time","mean_time","max_time","add_flops","div_flops","cmp_flops","exp_flops","mad_flops","input_channel","input_height","input_width","output_channel","output_height","output_width","function","kernel_1","kernel_2","stride_1","stride_2","dilation_1","dilation_2","input_form","topology_hash","mad/min_time","mad/mean_time","mad/max_time","time"
"3D Face Alignment Net Trained on 300W Large Pose Data","14/1/2/3/1/2/3/1/2/3/1/2/3/1/1/4/2/1/2",413,"Elementwise",0.000028,0.000028450000000000004,0.00017,0,0,2048,0,2048,128,4,4,128,4,4,"Ramp","","","","","","","HoldForm[ElementwiseLayer[Ramp, ""Input"" -> {128, 4, 4}]]","0qjdual6secow",7.314285714285715e7,7.198594024604568e7,1.2047058823529411e7,"{0.00017, 0.000037, 0.000033, 0.00003, 0.000029, 0.000029, 0.000029, 0.000029, 0.000029, 0.000029, 0.000029, 0.000029, 0.000028, 0.000028, 0.000029, 0.000029, 0.000028, 0.000029, 0.000029, 0.000028, 0.000029, 0.000029, 0.000028, 0.000029, 0.000029, 0.000028, 0.000029, 0.000028, 0.000028, 0.000029, 0.000028, 0.000029, 0.000029, 0.000028, 0.000029, 0.000028, 0.000028, 0.000028, 0.000029, 0.000028, 0.000029, 0.000028, 0.000028, 0.000028, 0.000029, 0.000028, 0.000029, 0.000028, 0.000029, 0.000028, 0.000029, 0.000028, 0.000029, 0.000028, 0.000028, 0.000029, 0.000028, 0.000029, 0.000028, 0.000029, 0.000029, 0.000028, 0.000028, 0.000028, 0.000029, 0.000029, 0.000028, 0.000029, 0.000029, 0.000028, 0.000028, 0.000029, 0.000028, 0.000028, 0.000028, 0.000028, 0.000028, 0.000029, 0.000028, 0.000028, 0.000028, 0.000029, 0.000028, 0.000028, 0.000028, 0.000029, 0.000028, 0.000029, 0.000028, 0.000029, 0.000028, 0.000029, 0.000028, 0.000028, 0.000028, 0.000028, 0.000028, 0.000028, 0.000028, 0.000028}"
