"model_name","layer_name","layer_index","kind","min_time","mean_time","max_time","add_flops","div_flops","cmp_flops","exp_flops","mad_flops","input_channel","input_height","input_width","output_channel","output_height","output_width","function","kernel_1","kernel_2","stride_1","stride_2","dilation_1","dilation_2","input_form","topology_hash","mad/min_time","mad/mean_time","mad/max_time","time"
"GPT-2 Transformer Trained on WebText Data","decoder/9/1/attention/9/elem",600,"Elementwise",0.000018,0.000018100000000000003,0.000054,0,0,0,0,"64*LengthVar[2022774245]","LengthVar[2022774245]",64,"","LengthVar[2022774245]",64,"","ScalarFunctionObject[{ScalarSymbol[1]}, ScalarSymbol[2], <|ScalarSymbol[2] -> {Times, 0.125, ScalarSymbol[1]}|>]","","","","","","","HoldForm[ElementwiseLayer[0.125*#1 & , ""Input"" -> {""Varying"", 64}]]","1qls6pibzwobu","3.5555555555555555*^6*LengthVar[2.022774245*^9]","3.5359116022099443*^6*LengthVar[2.022774245*^9]","1.1851851851851852*^6*LengthVar[2.022774245*^9]","{0.000054, 0.000033, 0.000021, 0.000019, 0.000018, 0.000018, 0.000018, 0.000018, 0.000018, 0.000018, 0.000018, 0.000018, 0.000018, 0.000018, 0.000018, 0.000018, 0.000018, 0.000018, 0.000018, 0.000018, 0.000018, 0.000018, 0.000018, 0.000018, 0.000046, 0.00002, 0.000019, 0.000019, 0.000019, 0.000019, 0.000018, 0.000018, 0.000018, 0.000018, 0.000018, 0.000018, 0.000018, 0.000018, 0.000018, 0.000018, 0.000019, 0.000018, 0.000019, 0.000019, 0.000018, 0.000018, 0.000018, 0.000018, 0.000018, 0.000018}"
