"model_name","layer_name","layer_index","kind","min_time","mean_time","max_time","add_flops","div_flops","cmp_flops","exp_flops","mad_flops","input_channel","input_height","input_width","output_channel","output_height","output_width","function","kernel_1","kernel_2","stride_1","stride_2","dilation_1","dilation_2","input_form","topology_hash","mad/min_time","mad/mean_time","mad/max_time","time"
"Inception V3 Trained on ImageNet Competition Data","Inception9/max_pool_mixed_8_pool",247,"Pooling",0.00041,0.0004133666666666666,0.000557,0,0,442368,0,0,768,17,17,768,8,8,"Max",3,3,2,2,"","","HoldForm[PoolingLayer[{3, 3}, {2, 2}, ""PaddingSize"" -> {{0, 0}, {0, 0}}, ""Input"" -> {768, 17, 17}]]","1d2wfmgx68q3q",0.,0.,0.,"{0.000557, 0.00042, 0.000413, 0.000411, 0.00044, 0.000439, 0.000415, 0.000412, 0.000411, 0.00041, 0.000441, 0.000415, 0.000432, 0.000417, 0.000412, 0.000411, 0.00043, 0.000416, 0.000412, 0.000433, 0.000414, 0.000411, 0.000412, 0.000412, 0.000411, 0.000412, 0.00041, 0.000411, 0.000436, 0.000457, 0.000416, 0.000412, 0.000411, 0.000411, 0.000411, 0.00041, 0.00041, 0.000411, 0.000432, 0.000414, 0.000412, 0.000411, 0.000411, 0.000411, 0.000411, 0.000411, 0.00041, 0.000411, 0.000441, 0.000414}"
