"model_name","layer_name","layer_index","kind","min_time","mean_time","max_time","add_flops","div_flops","cmp_flops","exp_flops","mad_flops","input_channel","input_height","input_width","output_channel","output_height","output_width","function","kernel_1","kernel_2","stride_1","stride_2","dilation_1","dilation_2","input_form","topology_hash","mad/min_time","mad/mean_time","mad/max_time","time"
"GPT-2 Transformer Trained on WebText Data","decoder/2/1/add",137,"Threading",0.000018,0.000019,0.000056,"1536*LengthVar[2022774245]",0,0,0,0,"LengthVar[2022774245]",768,"","LengthVar[2022774245]",768,"","Plus","","","","","","","HoldForm[ThreadingLayer[Plus, ""Inputs"" -> {{""Varying"", 768}, {""Varying"", 768}}]]","1sc8xwspuq99a",0.,0.,0.,"{0.000056, 0.000023, 0.00002, 0.00002, 0.000019, 0.000019, 0.000019, 0.000019, 0.000019, 0.000019, 0.000019, 0.000019, 0.000019, 0.000018, 0.000019, 0.000018, 0.000019, 0.000019, 0.000019, 0.000019, 0.000019, 0.000019, 0.000019, 0.000018, 0.000019, 0.000018, 0.000019, 0.000019, 0.000019, 0.000019, 0.000018, 0.000019, 0.000019, 0.000018, 0.000019, 0.000019, 0.000018, 0.000019, 0.000018, 0.000019, 0.000018, 0.000019, 0.000019, 0.000019, 0.000019, 0.000018, 0.000019, 0.000019, 0.000019, 0.000019}"
